"tx_power","prediction(tx_power)"
6.0,4.73033411086174
-11.0,4.193831014303328
8.0,4.193831014303328
7.0,4.193831014303328
-8.0,4.193831014303328
-9.0,4.193831014303328
8.0,4.193831014303328
-4.0,4.193831014303328
7.0,4.193831014303328
4.0,4.193831014303328
-3.0,4.193831014303328
-9.0,4.193831014303328
8.0,3.657327917744915
-7.0,3.657327917744915
-8.0,4.193831014303328
6.0,3.657327917744915
6.0,3.657327917744915
-3.0,4.193831014303328
3.0,3.657327917744915
-14.0,-5.463224723748127
-14.0,-5.463224723748127
-1.0,-5.999727820306543
1.0,-5.999727820306543
-3.0,-5.463224723748127
7.0,6.876346497095405
19.0,7.412849593653817
7.0,6.4961680379999365
22.0,14.792412773249033
21.0,10.405645796258717
16.0,8.304635957173488
20.0,18.448455134408782
21.0,15.357338531164352
19.0,13.976420173347769
1.0,5.6552802459644695
22.0,17.987745801468776
-6.0,2.71932936607336
8.0,9.318428272463443
22.0,20.618153071773193
21.0,14.27248956248215
17.0,20.646575733130092
19.0,19.353293914497286
22.0,19.358031024723438
22.0,20.59683607575552
20.0,7.630756664056719
7.0,1.2436180768399367
-24.0,-0.9580299911040555
22.0,19.9785924643491
-1.0,5.546326710763012
9.0,8.642180424233594
21.0,12.154899837605392
22.0,15.877261741931243
-4.0,4.180778597734502
7.0,10.363011804223369
22.0,20.074544309875556
22.0,23.81348609999293
22.0,18.60241121675866
10.0,4.193831014303328
22.0,19.048909219020224
22.0,19.215917717938936
22.0,19.75242081449735
1.0,5.19220235791137
6.0,3.311468144342122
10.0,9.806350625756899
17.0,6.979353281067247
14.0,5.393529542522749
22.0,17.61230445259946
18.0,7.623650998717494
8.0,11.630239516612349
18.0,19.494197580278332
12.0,5.19220235791137
22.0,20.074544309875556
21.0,17.964060250338022
22.0,20.06507008942325
22.0,22.82101078072065
21.0,9.46764724458717
-1.0,6.4333759640565304
-9.0,6.378899196455805
5.0,1.583531099013129
6.0,4.594116828413007
5.0,5.360369770939698
-2.0,8.655182113908594
12.0,13.258697247192188
22.0,9.182210990014703
-14.0,8.042885253731775
9.0,10.7680347285592
21.0,18.314631564092174
21.0,19.449220190148957
21.0,9.26513557599138
8.0,1.6025046969367764
3.0,10.624736937790288
3.0,1.6249806070640744
-8.0,4.874790402884528
21.0,13.75138186773085
21.0,17.310313469254524
7.0,11.194399805931752
14.0,7.830899364683688
22.0,22.515441601259184
22.0,22.515441601259184
16.0,12.33609409732776
8.0,5.994008784153245
-25.0,3.3470216280572984
22.0,22.848248958093144
22.0,22.848248958093144
21.0,16.899343793689084
19.0,14.785332264928854
14.0,6.74015437166571
20.0,8.32834666532328
14.0,10.044440935086904
-1.0,5.257337417093062
22.0,22.067784684887997
22.0,21.55970424968649
18.0,26.882101223235267
22.0,22.089101680905678
21.0,18.846397550424435
22.0,25.849360467040725
22.0,28.517664619154345
21.0,18.38331966237135
22.0,19.43974596969666
7.0,10.077600706669955
21.0,16.79749592382685
14.0,12.10634425135948
22.0,19.902823857749745
22.0,20.667917886166812
11.0,8.72863247943296
18.0,11.865910543935449
10.0,13.156874534349015
18.0,10.717110587200217
21.0,18.733865819106455
12.0,12.111081361585633
22.0,20.2391586838064
22.0,11.143501234447562
22.0,23.382383499538477
21.0,12.60495046610869
14.0,8.102124288577699
14.0,8.102124288577699
13.0,12.190453321320561
21.0,19.536856729332733
22.0,25.132847181888607
22.0,24.56792142397329
3.0,9.839535554358996
10.0,5.193386429040039
-9.0,3.6644080132093535
14.0,6.491405357898998
17.0,18.945876865173588
-2.0,7.509934783415098
5.0,3.730727556375456
21.0,12.690218450179394
9.0,11.292720206571289
21.0,13.545317572893325
5.0,10.077600706669955
22.0,8.68362993228454
9.0,4.389236604704145
21.0,16.731176380660756
-1.0,1.6664556849897991
10.0,14.138665992165535
22.0,15.424842145459117
21.0,17.131462194770435
21.0,17.131462194770435
21.0,16.092825414240117
12.0,13.765593198409299
21.0,14.938078706275277
1.0,4.170119893297787
11.0,7.639046400524613
15.0,8.298714362962926
12.0,6.836055490298335
-3.0,10.18771315598103
8.0,7.4530894607013
22.0,26.388232118712217
22.0,24.840305261976923
19.0,21.14162890878182
22.0,21.143997463894898
21.0,17.766285691968385
21.0,15.302886920582672
5.0,14.689380419402397
22.0,26.378757898259913
8.0,10.252873785037508
6.0,5.3698691484110554
22.0,21.531281588329584
21.0,17.93208454988364
21.0,15.266148952883086
22.0,14.944025457504878
21.0,15.814494825006882
22.0,9.991123081595795
2.0,1.9045208373007583
21.0,15.302886920582672
22.0,20.72476320888061
21.0,20.722394653767537
21.0,20.722394653767537
21.0,17.676280597671536
19.0,15.094403343738229
21.0,16.54285088572437
-9.0,2.097532715569457
6.0,8.764160806129091
21.0,13.842596603031154
22.0,23.102893996195625
13.0,16.695648053964625
-17.0,4.892579929679506
18.0,9.059071281153855
2.0,10.794113991822066
21.0,14.646746427367049
1.0,8.035804745411596
19.0,9.14197071011148
17.0,16.166250622745437
22.0,20.479592391230433
-2.0,7.846320336365594
8.0,-0.6939363024240706
9.0,6.245075626139197
4.0,9.144339265224552
4.0,9.144339265224552
18.0,10.86517064521432
-7.0,1.3538064100638962
-14.0,1.1465324742229157
-4.0,7.66273195165536
21.0,6.182334279089623
6.0,7.371399672747131
14.0,14.024975346737932
13.0,4.572824989414379
4.0,10.619999827564136
15.0,20.820664327513235
21.0,21.354798868958575
7.0,3.479660714389503
10.0,5.295234298902265
-21.0,1.3691766548519695
15.0,8.018015218616618
22.0,22.032256358191873
22.0,17.21320270961845
22.0,22.115155787149497
21.0,17.721283144819957
2.0,9.820587113454394
22.0,21.52417592299036
21.0,16.65538261704235
-1.0,4.826260386513411
-15.0,11.160081120239084
19.0,8.999857403326978
20.0,11.54736524467377
13.0,16.043085756865537
15.0,9.208290253277582
22.0,24.8047769352808
22.0,19.96914340091584
21.0,18.345422780562146
21.0,11.408779407111965
-7.0,6.814738494280661
1.0,1.5657667292371968
9.0,4.958899472845609
11.0,10.043231294083448
22.0,18.15356981640307
22.0,18.15356981640307
18.0,20.524594938378854
18.0,14.587532549540171
22.0,20.367060659912447
7.0,4.918634035923333
19.0,15.558690872794777
17.0,11.009652507111895
8.0,6.881058037446763
21.0,11.247717659422861
-15.0,-0.015319899081148947
21.0,16.911186569254454
15.0,7.187811288036897
22.0,18.010246868615113
12.0,7.660363396542287
17.0,9.010490537888892
10.0,6.897637923238285
21.0,15.109824315420134
14.0,12.39178050593194
22.0,18.990879412322016
18.0,14.518844451260996
22.0,19.420797528792058
22.0,15.613167640395503
22.0,25.256012047768508
22.0,24.187742964877835
21.0,14.490421789904097
21.0,12.240192978695134
7.0,4.270808849050397
-4.0,2.668405224714377
21.0,15.629747526187025
22.0,30.977535921317354
22.0,22.635078997916388
21.0,20.95451305484889
21.0,17.969981431692837
22.0,25.158901288132427
21.0,20.20599891222335
22.0,13.576108789363296
22.0,13.576108789363296
22.0,19.706233783364517
22.0,19.706233783364517
21.0,24.20905996089551
13.0,2.8981550706826553
21.0,15.655801632430851
5.0,3.8290479570149856
5.0,10.474359051556938
19.0,11.010862148115358
14.0,13.156874534349015
22.0,24.733720281888544
22.0,24.714771840983943
22.0,21.268371970778254
3.0,12.156083908734054
19.0,12.300565770631636
21.0,16.350997921565295
21.0,13.566634568910999
21.0,18.02208964418049
19.0,10.134446029383753
22.0,21.48154193095501
21.0,14.313939070533088
21.0,13.775067418861603
12.0,6.949746135725938
5.0,3.410972616110321
21.0,19.631598933855734
3.0,0.9582069792865227
21.0,16.455214346540593
22.0,33.73226697161131
5.0,5.3118141846937945
14.0,8.424247783955906
21.0,18.286208902735275
2.0,9.401352858440113
9.0,10.134446029383753
22.0,10.153394470288355
6.0,9.070914056719232
21.0,16.135459406275466
7.0,10.110760478253006
2.0,6.182334279089623
11.0,6.718837375648036
15.0,6.182334279089623
14.0,6.182334279089623
14.0,6.182334279089623
-7.0,5.645831182531211
21.0,12.944863488281875
18.0,10.368932985578184
-15.0,4.253019322255419
-6.0,3.820732650672305
-3.0,8.256080370927577
3.0,9.234344359521408
-6.0,5.98690311881402
16.0,11.799591000769347
17.0,10.51815195770191
7.0,9.121812628203422
8.0,4.910318729580659
3.0,1.2389061236328374
21.0,20.3966929622728
4.0,11.520101497426488
21.0,21.03741248380652
21.0,18.347791335675225
6.0,7.255340472206456
17.0,8.487039857899312
22.0,23.696242415467843
-19.0,-0.03779580920844694
14.0,6.870424902884835
9.0,6.718837375648036
-3.0,0.6976659168482726
16.0,17.189517158487696
9.0,11.29035165145821
20.0,18.820343444180608
21.0,10.474359051556938
13.0,9.937855954998525
14.0,6.718837375648036
14.0,6.718837375648036
9.0,6.718837375648036
16.0,7.255340472206456
14.0,6.718837375648036
22.0,18.298051678300645
22.0,18.298051678300645
22.0,25.801989364779224
22.0,24.20905996089551
22.0,18.865345991329036
19.0,7.546672751114684
21.0,12.408360391723463
12.0,5.691992643789256
13.0,3.5720343637994247
15.0,9.182236147033755
10.0,4.063534913209416
10.0,4.063534913209416
13.0,15.839390017141085
19.0,12.083868341232183
21.0,15.839390017141085
22.0,22.0298878030788
21.0,18.269629016943746
22.0,25.773566703422325
11.0,11.332985643493565
21.0,16.215990280120018
5.0,9.094599607849979
22.0,20.51985782815271
21.0,11.739218208832845
16.0,7.993170753376248
21.0,13.156874534349015
22.0,19.51317117820198
22.0,18.815606333954463
22.0,25.251274937542355
22.0,25.12100440632323
20.0,24.423439562075714
20.0,24.423439562075714
10.0,3.6194054660609254
-7.0,4.326444530760746
21.0,15.306414389805362
11.0,6.653676746591557
9.0,9.671368141330667
18.0,10.582102945754933
21.0,14.31867618075924
21.0,16.393631913600643
21.0,20.538806269057304
-2.0,9.491357952736962
21.0,12.486522710454942
-21.0,-0.07806124613072285
16.0,21.12978613321644
21.0,16.29415259885149
21.0,13.156874534349015
21.0,13.156874534349015
10.0,10.770428440691319
18.0,8.078438737446945
-3.0,6.2699708182734
22.0,23.67729397456324
21.0,19.97151195602892
22.0,22.656395993934062
22.0,23.655976978545567
4.0,5.044167456916313
15.0,9.381194776532062
4.0,1.6226120519509948
19.0,10.534731843493432
21.0,18.437796429972074
21.0,14.94281581650143
21.0,16.441003015862144
22.0,22.96193960352074
21.0,20.48432950145658
19.0,14.246460613257362
21.0,18.222257914682245
-4.0,9.064967305489617
14.0,6.921323474369039
21.0,17.04382565558666
-6.0,7.140440185775397
1.0,0.5259203077034158
12.0,14.396838499490713
16.0,13.316726641034656
20.0,14.389732834151488
20.0,14.389732834151488
15.0,6.930797694821337
22.0,23.719927966598597
22.0,22.18384388542868
21.0,17.371895902194474
19.0,21.564441359912635
3.0,10.39498709182201
-14.0,0.4074925520496606
18.0,15.527899656324799
21.0,12.512576816698768
22.0,23.51265403075761
2.0,4.3003904245169196
11.0,3.259385088873522
11.0,4.825075902528994
21.0,20.30313482887847
1.0,11.18731929761158
5.0,13.535868509460059
19.0,12.999365412901653
22.0,24.184189925780345
18.0,7.495748609755694
21.0,19.901639373765335
22.0,23.111183732663505
21.0,19.778474507885434
-3.0,9.911776278879913
14.0,12.999365412901653
8.0,13.796409571898323
21.0,14.323438448004424
21.0,20.4428795805499
21.0,17.14096157224178
1.0,1.5823717720477646
21.0,21.676947521355828
-17.0,4.530165427504244
21.0,19.130649321012484
22.0,22.956018009310185
15.0,10.561970020865928
6.0,10.897145932812961
-25.0,2.398364371949029
3.0,6.142043272292554
20.0,23.068549740628157
14.0,9.464119362508725
22.0,24.635425038268053
22.0,25.171928134826473
21.0,16.785678305280527
3.0,7.301527090483546
1.0,4.41531586796701
21.0,14.27843590085601
21.0,18.665202877846326
22.0,22.57231208099202
22.0,26.197563225681805
22.0,27.27056941879863
19.0,22.46335854579057
21.0,22.01212343330286
21.0,17.731941436400916
-19.0,5.678965384239476
-2.0,4.589379305331107
7.0,8.784293318162355
21.0,17.956954172143057
21.0,19.119965459556724
21.0,13.18290307071804
21.0,14.258277818947946
21.0,19.706208213489717
5.0,6.990036729667253
11.0,11.531969430010903
22.0,27.261095198346325
22.0,24.72069302233875
21.0,11.797247602675313
22.0,27.828389511374723
22.0,28.3483127221416
22.0,26.743540542692514
21.0,12.260325490728405
22.0,29.052983231728348
22.0,26.906970845494683
22.0,24.16050437464959
22.0,25.21456212686182
8.0,7.634334447317499
9.0,8.170837543875919
8.0,8.170837543875919
21.0,17.06990491884953
22.0,22.810377233302987
21.0,20.782792602723077
21.0,21.14044442479741
2.0,13.757303049085664
15.0,10.424593824307578
-2.0,1.4106261629029007
6.0,9.795717078339237
21.0,17.291390185368968
21.0,25.093765816094987
21.0,15.023371847365013
21.0,21.447197675387542
-10.0,7.1120426814375435
22.0,21.848693130500678
21.0,23.729427344069933
21.0,23.192924247511527
18.0,21.189025168062372
16.0,20.277080722634636
10.0,14.805464776962111
-17.0,2.8058065782917794
18.0,12.17032039643155
18.0,12.17032039643155
20.0,19.24670852155316
11.0,5.7417574581828745
20.0,10.92440968006025
9.0,10.071679112459393
22.0,20.43814247032374
7.0,11.85409292538911
7.0,5.815182666688202
21.0,13.686246395693416
-14.0,5.378158884878943
22.0,21.314558589055352
21.0,18.24949609205474
21.0,12.331382144120653
-8.0,-0.6512771533696764
21.0,17.429925296036927
21.0,13.529921758230458
8.0,4.52900651339462
17.0,11.926359219784814
5.0,11.926359219784814
9.0,14.079477271357703
22.0,26.266251323960972
22.0,26.03413292287962
22.0,26.24256577283022
21.0,18.005534915408006
22.0,23.729427344069933
21.0,16.66130379839717
13.0,10.683975972636205
22.0,18.719679645447044
19.0,9.22605421019776
21.0,19.747683291415456
21.0,18.7433651965778
21.0,14.132744397954966
22.0,23.759008919536456
22.0,22.106865637825862
3.0,15.79557154112132
-7.0,8.055937257444867
21.0,19.437402571602618
16.0,9.019989915360227
11.0,6.042563957543408
21.0,18.94942949141533
22.0,20.653680985613576
21.0,15.723305246725616
-5.0,8.810347424406174
13.0,18.157122442644805
21.0,12.999365412901653
17.0,11.529600874897838
22.0,25.152979693921864
22.0,24.621213707589604
14.0,11.097314203314724
15.0,10.527651335173246
22.0,26.75064620803174
21.0,20.28655494308694
20.0,24.16287292976267
22.0,25.725011117176408
22.0,24.623582262702683
22.0,23.50557352243743
21.0,19.48951078409027
21.0,15.216434452527565
21.0,13.576133946382342
11.0,14.608874702576884
16.0,8.96314459264643
12.0,7.390322543776932
4.0,11.675241650905036
-3.0,2.5475833440727627
21.0,20.449985245889124
15.0,9.788611413000012
13.0,19.92295636978301
14.0,15.814519982025928
10.0,7.294421425144321
22.0,25.25482756378409
22.0,30.083355432809824
22.0,27.400839950017755
22.0,24.718324467225685
21.0,14.543714073520405
20.0,23.858488234285616
10.0,8.036988816540259
-1.0,16.39007887450316
21.0,17.845632081828526
21.0,18.37266095793464
21.0,18.845213066440024
12.0,11.086630341858964
21.0,14.608874702576884
22.0,21.969489441267513
22.0,27.275306529024775
21.0,14.380283770718236
19.0,22.988018866783605
22.0,25.661060129123385
20.0,21.41166934869142
