"tx_power","prediction(tx_power)"
2.0,8.410586463593852
-8.0,4.390229967883606
-8.0,4.390229967883606
7.0,4.390229967883606
8.0,4.390229967883606
-15.0,4.390229967883606
7.0,4.390229967883606
-5.0,4.390229967883606
-5.0,4.390229967883606
-4.0,4.390229967883606
-9.0,4.390229967883606
-11.0,4.390229967883606
-9.0,4.390229967883606
-2.0,4.390229967883606
-13.0,3.850874496239726
-7.0,3.850874496239726
-5.0,3.850874496239726
6.0,3.850874496239726
7.0,3.850874496239726
13.0,12.237625963880603
-12.0,-5.3181685217062125
21.0,7.087007326102999
7.0,7.087007326102999
22.0,15.482350660207139
15.0,17.113304874833673
4.0,6.1820658276224805
9.0,11.53266121174493
-1.0,2.696768870324476
-1.0,0.27063530569797223
22.0,23.048363029532155
2.0,7.8046440268596555
4.0,2.3616860782570868
-3.0,8.165718269390759
22.0,24.103446340045934
-8.0,2.716100569866825
22.0,21.30549869980925
-6.0,5.4816128597923495
9.0,8.354523480508703
16.0,20.18812435743679
21.0,15.965858999839782
-4.0,4.1408499893749635
-18.0,2.110158133132636
22.0,19.73275543488367
21.0,16.610464835658675
22.0,15.542493725450008
16.0,9.465669774107624
22.0,24.122778039588283
8.0,9.416266541943841
19.0,14.95588298825816
22.0,21.86440172206938
22.0,19.270726761409186
21.0,19.279318627872456
-1.0,-2.4776932513010195
5.0,9.297912527000022
7.0,6.405670206741313
-12.0,4.308391385408662
22.0,24.039007341571434
22.0,20.888793176340826
22.0,10.9978175244066
21.0,11.060108556265277
22.0,19.101037398759672
-4.0,4.770420058883147
21.0,16.051777664472446
3.0,11.749821691016322
11.0,5.40643402823877
-7.0,4.355646650956629
7.0,11.015001257333132
21.0,17.980045001845376
22.0,25.369924108673438
22.0,23.16309898993414
20.0,24.190258734442295
21.0,14.982336466337749
-3.0,5.001146216539219
5.0,4.160859567607112
-6.0,7.566897611193809
-6.0,7.566897611193809
6.0,19.090975444370386
21.0,12.691740649581604
21.0,15.455104972891313
10.0,11.099449834039774
21.0,14.333650548361135
21.0,14.8837458530841
15.0,6.782673945346836
15.0,6.782673945346836
7.0,4.173963218375924
6.0,3.610980113958064
21.0,17.457873263128036
18.0,11.05004660187599
2.0,2.3365883575570763
-1.0,5.246014410742312
22.0,28.116104699056606
22.0,22.733289815696914
11.0,7.543269978419829
18.0,17.030427906580535
9.0,4.635991891850402
22.0,24.37283589678671
11.0,3.5809085813366295
22.0,21.14959086661834
22.0,22.705366249691295
22.0,20.831691807477476
21.0,15.263935944083634
1.0,7.964271435119876
22.0,9.85964139456577
16.0,6.408496052046921
16.0,6.408496052046921
22.0,18.787896300466336
21.0,10.712599992118868
14.0,16.00520027761428
22.0,20.855103589177546
21.0,14.653481723043903
21.0,20.575867929121394
2.0,8.147064448538195
18.0,9.47945130356623
21.0,11.290834713921356
22.0,21.626655306403535
21.0,18.527992339952526
22.0,24.74894590562853
22.0,20.94553403811576
19.0,21.15388679984997
22.0,22.230449776521915
22.0,21.910402750765236
15.0,8.55732607215917
21.0,19.570187850771404
9.0,5.942171445340804
21.0,16.164149807184707
20.0,9.126968927498396
20.0,9.126968927498396
6.0,1.3891192289080436
2.0,-0.6029092282495938
-9.0,0.9958254871396974
21.0,25.696415034277564
-1.0,1.672650822195834
12.0,14.93078526755815
21.0,18.822263766319402
-3.0,6.384868419272941
4.0,15.003816132495913
15.0,8.32104974441934
1.0,2.5191655199014917
21.0,14.692360973202504
22.0,27.08679698793263
22.0,28.167655897836212
22.0,27.63904025927141
22.0,29.80290604569437
22.0,28.743526801948974
22.0,24.42438709556631
13.0,14.333650548361135
13.0,6.423747669431549
22.0,24.895007635504058
22.0,21.639543106098436
22.0,21.69324227149385
21.0,20.571571995889755
21.0,20.034364490861698
4.0,5.585608987115251
2.0,9.545822417582627
1.0,11.116633566966307
5.0,6.9607393233857024
-5.0,3.720310560290798
21.0,15.876322280665278
20.0,10.852433673220865
9.0,5.480358622940237
21.0,16.862670659472926
21.0,14.965368584485127
21.0,15.951716963292775
18.0,11.14047705081419
22.0,22.322812341002027
22.0,21.794196702437226
21.0,18.147802248952985
22.0,16.546919566947885
17.0,8.965655580238234
20.0,9.496419185418851
22.0,14.333650548361135
22.0,14.333650548361135
21.0,9.664176432526453
22.0,20.425294414940325
11.0,12.85498611238367
-5.0,4.11575226867496
-9.0,2.0635807462744538
21.0,13.92961697351371
22.0,23.21465018871374
20.0,18.39696637638771
-1.0,4.375872080262681
7.0,10.018806775210109
21.0,16.194437190880052
21.0,15.259640010852003
21.0,8.793818250972905
21.0,20.541500463268328
-1.0,15.779663782953534
5.0,10.018806775210109
13.0,12.76283939897747
21.0,18.543028106263243
21.0,21.235509531250997
22.0,22.26266927575916
9.0,12.240667660260122
19.0,9.509306985113746
9.0,5.622124419584132
19.0,9.95844785889333
18.0,20.485437480183187
21.0,20.420998481708686
9.0,6.846897092747419
20.0,10.635273193949473
22.0,19.62818294939845
4.0,3.830072708771354
18.0,7.339213149917249
21.0,14.559187043021879
8.0,4.625252058771316
16.0,6.243318473702956
-14.0,1.1483311168626784
21.0,10.175608338164722
22.0,16.66935366404943
11.0,5.961718995957071
17.0,10.315226168192801
21.0,24.942262901052025
21.0,25.473026506232635
-2.0,0.3467078670152617
21.0,10.719043891966322
5.0,6.365536719730592
21.0,17.440689530201503
21.0,22.72684591584946
17.0,9.677064232221355
21.0,14.657993507349438
22.0,19.727205264799927
-7.0,1.9284747005519236
8.0,6.406563936505016
-17.0,5.164607530415196
2.0,0.31040828562029077
-5.0,2.8652039961218776
-12.0,6.286277806019285
-19.0,4.167519318528477
18.0,9.5157508849612
10.0,15.753888183563731
21.0,15.545319570755609
12.0,7.861384888634589
1.0,9.47493951926068
4.0,9.616705315904575
14.0,8.447779774752519
20.0,9.891860893803013
22.0,12.65092928388109
-3.0,16.74453249560301
21.0,19.25207294055663
21.0,19.25207294055663
13.0,6.709427229335155
13.0,6.709427229335155
-12.0,15.625010186614738
21.0,17.1807855696877
17.0,14.346322496982125
21.0,16.97651289011121
18.0,8.94009583192235
21.0,18.940617781263228
-2.0,4.038425470505565
21.0,15.887062113744364
13.0,6.324725354030072
14.0,8.480215125063687
3.0,7.322029416990716
-15.0,0.08680390650145142
2.0,11.853817818339216
21.0,15.184461179298424
21.0,17.38054646495864
22.0,18.974985247116294
22.0,25.453694806690287
21.0,10.558162246853989
13.0,7.010358406623396
18.0,7.081241304945344
21.0,13.042075059033628
10.0,4.863676353126962
22.0,23.794817026058134
22.0,24.87567593596171
19.0,18.527992339952526
21.0,18.897658448946892
-3.0,1.0795961851565465
21.0,15.708780884631587
21.0,15.244604244541286
21.0,22.198230277284665
12.0,23.24257375471936
21.0,23.88932755715406
22.0,22.03713278109842
21.0,14.599998408722392
22.0,22.9633380946632
22.0,29.62892074981322
22.0,24.45660659480356
21.0,19.239185140861736
18.0,17.625414659161734
21.0,17.08391122090204
21.0,16.845486926546393
22.0,19.273768457788712
13.0,17.569783378224407
21.0,17.569783378224407
5.0,3.845108475082071
22.0,20.440546032324946
22.0,20.599495561895374
22.0,24.858492203035176
5.0,1.2170660485688103
8.0,3.7849654098392094
6.0,6.150740058148926
18.0,10.81355442306225
-12.0,5.069881148245351
9.0,14.434389128230606
-5.0,2.972602326912707
21.0,17.842575138433112
19.0,16.643362213585718
21.0,14.533195592558172
22.0,29.566413866880637
22.0,30.642976843552574
22.0,35.499324054963296
13.0,10.05510635660508
16.0,20.161094521194883
21.0,21.7125739710362
18.0,23.208206288866293
11.0,2.154011195212668
12.0,8.018186451589202
15.0,6.243318473702956
16.0,6.243318473702956
-14.0,3.1618392401784803
20.0,9.810238162401987
1.0,8.671384153871358
-1.0,4.747470304798959
9.0,5.490882604945405
-3.0,8.282386345334643
21.0,18.44851757516731
21.0,19.187849793156047
-16.0,0.07391610680654992
22.0,16.146966074258174
16.0,11.812790601564792
9.0,11.817086534796424
22.0,22.204674177132112
21.0,17.333291199410674
21.0,21.676058538567318
21.0,15.964604762987676
21.0,16.849782859778024
12.0,6.782673945346836
11.0,10.330261934503518
21.0,18.91699014848924
21.0,18.379782643461176
21.0,18.91699014848924
5.0,11.097517718497862
9.0,6.782673945346836
-13.0,7.322029416990716
14.0,6.782673945346836
14.0,6.782673945346836
15.0,6.782673945346836
15.0,7.322029416990716
16.0,13.688828861468338
22.0,22.974077927742286
21.0,15.728112584173935
10.0,5.403031824770842
4.0,2.3258485244779976
21.0,16.20947295719077
21.0,17.365510698647924
22.0,24.031093353797957
22.0,19.77209671265816
-6.0,2.6136760509974195
21.0,16.533815916179073
21.0,15.923577546213245
22.0,19.17259817577142
21.0,14.387133862682646
22.0,23.197250604713297
21.0,13.789783292411713
3.0,6.189403457233631
3.0,10.181836386938258
3.0,3.6859430944377323
-13.0,0.45195823119027523
14.0,8.40074036027847
7.0,5.564129320957086
22.0,19.5444122513816
-2.0,8.621980921707582
10.0,10.018806775210109
13.0,7.861384888634589
4.0,9.47945130356623
6.0,6.524702100374931
22.0,23.73252599419945
-4.0,6.243318473702956
8.0,5.703963002059076
7.0,3.0071856438396836
-1.0,9.47945130356623
11.0,5.966014929188702
22.0,22.19608231066885
21.0,19.078087644675485
22.0,22.84713204633519
2.0,7.3991403640862
22.0,26.498038284124974
22.0,24.581404509594833
21.0,15.21882864515149
21.0,16.48870861724692
5.0,10.05510635660508
22.0,20.85725155579337
21.0,19.570187850771404
21.0,16.54477160033207
21.0,17.421357830659154
21.0,17.410617997580076
22.0,16.882002359015274
8.0,3.5914325633417974
13.0,13.375009884485195
21.0,14.095010402931585
20.0,8.018186451589202
22.0,11.636873190141742
13.0,10.689188210418799
16.0,6.516110233911661
22.0,26.478706584582625
22.0,24.162335168436684
22.0,25.939351112938752
22.0,26.476558617966816
-6.0,4.05990513666373
21.0,10.656752860107638
21.0,18.519400473489256
-2.0,10.521430963311197
21.0,16.49730048371019
-5.0,5.179427445651996
14.0,5.149355913030568
20.0,16.486560650631105
18.0,15.994676295609104
13.0,8.9355840476168
21.0,20.420998481708686
6.0,9.866085294413217
21.0,11.827826367875502
5.0,3.5828406968785345
21.0,16.172957524721888
22.0,20.623123194669354
22.0,21.686798371646397
21.0,19.61529514970355
21.0,11.971955982209131
22.0,17.840427171817296
21.0,21.673910571951502
18.0,21.102335601070372
22.0,25.430067173916306
20.0,6.960955174459613
10.0,4.833604820505528
15.0,8.94009583192235
22.0,25.434363107147938
22.0,22.170306711279046
22.0,25.384959874984155
22.0,25.273265610961694
22.0,25.27970951080914
22.0,24.323432664622928
21.0,20.535056563420873
19.0,21.613767506708633
22.0,21.88462715137544
22.0,22.42398262301932
16.0,8.254462779329025
3.0,1.135443317167777
-18.0,2.843724329963706
14.0,5.074177081476982
6.0,7.261670500673937
22.0,21.97677386478164
22.0,19.097419344217833
11.0,8.40074036027847
18.0,10.833101973678517
19.0,21.89604486314432
21.0,15.81492497857031
13.0,9.894902590182532
19.0,12.950606224317212
13.0,19.73217907672135
18.0,7.378554427691739
22.0,27.308931279125446
10.0,15.524733634361155
8.0,6.3406548501044995
6.0,4.009247667647834
21.0,13.50907754442953
21.0,14.078504548694838
21.0,18.15492402749023
11.0,14.744590050671903
21.0,22.16454069012139
-17.0,4.372254025720842
22.0,22.319410137534092
21.0,19.175639872150946
22.0,23.95659240093417
18.0,14.493277956621355
21.0,18.07759722932083
21.0,15.771749795180064
5.0,4.701108769014695
13.0,14.817836766683577
21.0,24.12434964804178
22.0,22.42251253509329
13.0,11.622515302520817
2.0,7.782588002539171
-2.0,10.992945233012641
21.0,17.74659451941116
22.0,22.401032868935125
22.0,24.023395217098397
22.0,25.540507201086648
22.0,23.918144852923383
22.0,27.233752447571874
21.0,20.819481886472374
9.0,16.614184410727987
18.0,19.873944873365247
21.0,20.363897112845343
9.0,4.825690832732057
21.0,16.54330151240604
1.0,8.646286433171355
2.0,3.878005853009107
-2.0,4.071538699506512
22.0,21.19322807762446
22.0,23.344206064352527
21.0,18.52222631879487
21.0,18.07759722932083
16.0,12.288600804497882
22.0,20.127404934031603
4.0,3.893041619319824
11.0,14.746738017287718
13.0,8.182109793081061
5.0,6.867122522053471
21.0,11.465713739566212
22.0,21.474827555370354
22.0,22.050698459483115
4.0,15.647383582536612
18.0,12.784996943825426
22.0,27.828955051226984
21.0,11.635403102215719
-16.0,9.890390805876997
21.0,20.82162985308819
21.0,10.971465566854476
11.0,8.28542804171417
10.0,4.2090085629187755
22.0,22.559982398505554
19.0,9.808983925549867
14.0,16.82490099015193
14.0,16.82490099015193
21.0,14.719030302356018
22.0,23.206952052014174
22.0,23.064970404296368
18.0,15.68604698162131
22.0,28.318907290707074
22.0,27.78169978567901
-1.0,26.16148540413156
9.0,15.208982541836114
22.0,23.19836018555091
21.0,19.704255510715733
10.0,9.589675479662674
21.0,23.19836018555091
17.0,21.86382536390707
-10.0,8.835523346437128
15.0,10.004448887589177
20.0,20.27153454836523
22.0,22.416068635245843
22.0,24.594970187979527
22.0,20.26938658174941
21.0,21.431868223054018
5.0,17.144948015908604
13.0,17.061177317891755
16.0,9.950749722193763
15.0,9.879650972797911
21.0,15.960986708445837
-2.0,4.486312107433029
12.0,9.015952542165728
21.0,17.121320383134616
21.0,13.87659568680808
-10.0,4.716144535325405
12.0,13.298576816079503
21.0,22.265495121064774
21.0,11.355951591085649
21.0,15.660055531157596
6.0,11.637551068831534
-7.0,0.7924465373269101
21.0,19.227191070930544
18.0,13.294280882847872
21.0,19.837429440896365
21.0,15.185354909062127
9.0,12.804328643367775
21.0,14.422395058299408
22.0,24.659409186454027
22.0,25.67368113126728
22.0,25.49754786877032
21.0,25.6371656987984
22.0,22.248527239212144
6.0,5.91299364248308
21.0,21.371725157811156
21.0,14.850056265920827
22.0,21.898192829760134
-4.0,0.5237348592759261
-20.0,1.9484842787840648
21.0,17.1707236152984
4.0,12.424138552368241
4.0,12.424138552368241
21.0,17.40721579411214
21.0,18.90929201178968
15.0,9.733805093996288
19.0,13.58447222705702
21.0,18.35038898952954
12.0,10.285832514261152
20.0,14.226930096260098
16.0,10.7931843377417
14.0,10.655498623255525
21.0,17.46306292612337
21.0,23.5334429776183
22.0,23.484039745454517
22.0,23.602177909324432
22.0,21.31802599241574
22.0,25.140769559470854
22.0,21.883157063449417
22.0,24.006211484171864
21.0,15.658123415615698
21.0,15.125211843819265
16.0,12.108171608769283
21.0,18.208623192885646
21.0,15.002561895643808
20.0,19.85890910705453
21.0,14.246261795802447
11.0,17.265449997468245
19.0,17.084804950665735
22.0,27.923465582322905
22.0,26.844754639035145
22.0,23.60862180917188
21.0,22.054994392714747
21.0,13.489961695961092
21.0,22.166688656737207
22.0,22.931796474115735
14.0,12.542060865164238
14.0,12.542060865164238
-2.0,7.16998581488361
9.0,5.543327533488714
21.0,10.973397682396381
22.0,24.62074578736933
11.0,6.834903022816221
22.0,24.10931388173106
21.0,23.47329991237544
10.0,10.447145861521314
6.0,12.950606224317212
6.0,12.950606224317212
21.0,19.182083771998393
