"tx_power","prediction(tx_power)"
4.0,4.221026342756581
-6.0,4.221026342756581
-8.0,4.221026342756581
10.0,4.221026342756581
8.0,4.221026342756581
-10.0,4.221026342756581
8.0,4.221026342756581
7.0,4.221026342756581
-10.0,4.221026342756581
-9.0,3.6842824012198534
8.0,3.6842824012198534
9.0,3.6842824012198534
-15.0,3.6842824012198534
-8.0,4.221026342756581
7.0,4.221026342756581
-4.0,3.6842824012198534
-11.0,4.221026342756581
1.0,-5.9771085464412685
-2.0,-5.440364604904538
5.0,9.30131003675784
21.0,7.463298671409348
17.0,7.441489991976958
5.0,6.904746050440231
18.0,6.904746050440231
7.0,8.839684879932676
21.0,7.413615237196019
-14.0,1.3301160716256746
20.0,9.359466515244222
-13.0,-1.8879243909911025
21.0,10.206378342041617
-1.0,5.596192849138561
19.0,7.892202700246372
22.0,23.372965473685547
18.0,12.164345553107815
6.0,3.2941331403613106
-7.0,4.914057711385894
-4.0,2.873702155797332
-3.0,8.900264545022651
13.0,11.405871928502222
21.0,10.930927354196818
21.0,12.195846978954599
10.0,5.633760350333901
-11.0,-1.1936733202204408
14.0,4.8437852998815245
15.0,13.345673348880979
22.0,12.562967858239396
21.0,20.672283459776708
12.0,6.056614521501473
22.0,23.849129750132306
21.0,15.858550292171344
21.0,15.319383164031017
1.0,3.9956537709427735
21.0,11.760876874769032
22.0,18.435649789296633
22.0,20.106461278996797
12.0,10.425684838506875
-5.0,5.294514225830042
21.0,16.917499055623203
5.0,7.113140098349746
17.0,14.325860438876319
21.0,10.884886808728439
21.0,15.275765805166237
20.0,19.603641949910454
1.0,8.674908190887948
21.0,10.76008458980354
21.0,15.215186140076263
7.0,10.833999890052858
8.0,24.759524604187114
22.0,17.83516346948882
21.0,15.794807913900257
2.0,6.771934745127012
10.0,6.014680822662783
3.0,9.196373486225575
11.0,10.255322249677434
21.0,12.705196341274224
5.0,8.428207115205588
18.0,10.575182881352504
21.0,14.807351264094109
21.0,12.18421122150044
21.0,13.733863381020655
21.0,13.733863381020655
18.0,9.483529207591602
21.0,13.765364806867439
21.0,14.817044010508504
21.0,13.77263436667824
16.0,15.92687969263595
12.0,9.97665579026355
7.0,7.853911890152624
21.0,19.505974959188983
10.0,4.656460404826888
22.0,22.670705316526572
22.0,19.491435839567387
-6.0,6.6483522283434695
21.0,18.43006388951192
21.0,10.513399731800277
3.0,4.609216374896256
22.0,23.173524645612915
22.0,19.957907369599745
21.0,14.591671438694696
17.0,5.508218604831484
-7.0,7.611577012113614
21.0,10.708458144550448
4.0,12.916013575787339
14.0,16.012894708224167
22.0,22.081854754172916
11.0,6.431468918481805
21.0,19.709522633891297
22.0,11.185842123138556
21.0,13.725374119068505
21.0,17.2669181021053
20.0,11.443903387582289
21.0,7.126939691393815
21.0,20.001524728464524
21.0,11.950365605413587
22.0,24.179163303785607
22.0,24.70379131230434
22.0,22.329036005419113
22.0,22.329036005419113
-4.0,8.469401287466766
14.0,10.626069800028077
5.0,12.811816551832578
21.0,20.386811398436762
21.0,12.74396732693181
-9.0,1.3887527256758858
2.0,-2.905198806617946
16.0,9.539262499474383
12.0,2.284128284545261
21.0,15.165982881426757
9.0,4.4335272372957775
21.0,25.647630603245695
5.0,3.790163085200696
13.0,13.848956635852055
17.0,11.945519232206387
17.0,11.945519232206387
-14.0,3.802279018218691
10.0,14.90305902609672
10.0,14.90305902609672
21.0,10.616377053613682
21.0,18.869880366904688
22.0,26.991311901459994
22.0,28.076915717551458
22.0,24.363325485659125
21.0,18.50518267422349
18.0,19.535053198432166
13.0,10.828413990268146
13.0,6.422995874208759
22.0,22.677974876337373
18.0,12.445915374689129
22.0,25.41985106250739
8.0,12.511341412986305
8.0,12.511341412986305
1.0,10.135366403959736
11.0,14.213654328533252
1.0,-1.4973111722478336
21.0,19.715588709239846
21.0,19.715588709239846
21.0,19.142496968649134
17.0,11.110723338426986
1.0,2.9032605706043597
22.0,20.437698317112343
13.0,12.015791643710763
-21.0,8.292508665404043
-17.0,6.049808919575412
21.0,11.668056257254754
19.0,21.551176887984738
21.0,9.97665579026355
19.0,9.648305896636337
21.0,9.97665579026355
19.0,22.753093661048936
21.0,21.0241256928624
21.0,20.71153462099813
5.0,14.738282337051984
16.0,4.300251974097833
-10.0,-1.1774505405727638
21.0,15.095710469922388
19.0,9.980282461329395
3.0,10.672110345496463
-4.0,-4.906783376548923
6.0,3.403656713087109
3.0,9.75007973398749
17.0,21.062896678519984
21.0,21.058050305312783
-1.0,10.214128077416248
22.0,20.87751479450511
21.0,19.23820473065173
18.0,16.931298648667287
10.0,5.348288288993949
21.0,10.766614623036823
-3.0,4.838199400096812
4.0,11.732278811089678
-1.0,11.418468037084061
21.0,23.221988377684895
18.0,18.852918060679492
21.0,18.843225314265098
2.0,9.868815877563847
22.0,21.248278562534864
21.0,19.802823426969404
14.0,5.852327320221647
2.0,-1.8317109235444917
2.0,0.31526484260242427
3.0,2.257473231905678
11.0,7.102707825357825
21.0,16.26370263053621
21.0,21.00231701343001
8.0,15.722112315792288
-2.0,8.884985898823544
11.0,11.694711309894345
1.0,8.583291057835922
-2.0,4.3063018317672785
16.0,9.01463449095565
-23.0,6.756192141043172
19.0,9.439911848726823
11.0,8.450015794637977
11.0,8.450015794637977
22.0,19.89368481576482
8.0,6.8628123516015265
22.0,12.659155795805844
10.0,14.155497850046878
-38.0,1.4820373010748966
12.0,8.671745477706835
4.0,7.382593986913072
8.0,6.861592649460178
-1.0,5.56274841225202
21.0,16.950684141496076
-15.0,-0.4735067233877075
13.0,8.148320953650348
22.0,13.476989383360056
11.0,5.582133905080809
13.0,5.647559943377985
12.0,14.549273781971266
22.0,16.722904600757772
21.0,20.518883177172462
22.0,19.04434980236381
21.0,14.50807960971008
22.0,24.766794163997908
21.0,12.660375497947193
21.0,12.57192107807628
21.0,12.283561872248
22.0,22.697360369166162
21.0,13.879254577236594
18.0,10.252899063073833
13.0,16.751982840000956
15.0,14.711627284412401
21.0,14.270607322557382
-8.0,-0.48197976766074646
-13.0,1.679535118107765
21.0,15.226562546516732
22.0,31.603920580966644
21.0,21.05562711870919
21.0,23.8314279173296
22.0,21.167093702474737
9.0,16.43817206599534
22.0,21.248278562534864
22.0,30.107578526725618
22.0,28.492500328908235
21.0,18.703883975718604
21.0,16.853756677352116
21.0,16.640516256235408
22.0,20.281410890019757
22.0,10.032389082146324
5.0,12.660375497947193
19.0,19.435702547684606
22.0,18.347675544989556
-13.0,0.40612623139783466
4.0,3.624166694014612
2.0,3.866485354374511
22.0,15.865080325404627
21.0,15.233832106327533
18.0,10.873234833595177
10.0,14.533514960208322
1.0,9.020684348625089
21.0,16.02258745463856
-3.0,5.872916297512688
15.0,9.579236969594213
16.0,11.245202086087176
7.0,10.798116048883607
21.0,12.945091815030523
22.0,24.242166155479175
22.0,18.894112232940678
15.0,6.219448199506445
13.0,6.756192141043172
14.0,6.219448199506445
1.0,6.219448199506445
3.0,5.9710634637979965
20.0,9.813082585681066
21.0,12.992352062640258
22.0,18.30648137272837
-13.0,1.305144679012173
1.0,8.671745477706835
-6.0,5.851107618080299
21.0,17.197849175063176
11.0,5.3022477435255695
3.0,9.28118501735154
22.0,10.823567617060945
-11.0,6.779204304937814
21.0,17.03064929941484
2.0,1.5571560857864668
6.0,2.0987464005303877
-5.0,4.772773361799636
-5.0,4.772773361799636
22.0,20.429225272839297
21.0,19.491435839567387
6.0,8.357934703701211
21.0,18.925613658787462
21.0,16.203122965446234
22.0,22.211503346305015
16.0,9.713731934933506
13.0,12.42410669525674
4.0,7.2929360825799066
1.0,7.2929360825799066
9.0,6.756192141043172
15.0,6.756192141043172
13.0,7.2929360825799066
22.0,22.136384561593445
21.0,18.396139277061536
22.0,22.14365412140424
22.0,19.996678355257323
22.0,22.653743010301383
21.0,22.663435756715778
22.0,22.87062632016304
3.0,3.440004512141094
21.0,14.199115208911664
11.0,2.845104092117978
10.0,6.59988849627149
10.0,6.59988849627149
8.0,10.743602459142181
21.0,12.581613824490674
15.0,7.624912647272971
4.0,2.0236276158188247
13.0,9.421729840360278
21.0,13.873188501888045
14.0,7.829680024116634
21.0,19.98698560884293
21.0,18.881996299922683
21.0,15.88083914716757
20.0,23.66422804168127
19.0,24.193702423407196
10.0,12.445915374689129
19.0,16.26854900374341
3.0,2.9989845502860746
3.0,8.055036378251337
5.0,6.982751979640128
-13.0,12.889358523147749
20.0,24.468742211755234
-1.0,9.203643046036369
-5.0,1.9557783909180486
4.0,1.1512642208440766
21.0,17.36142237964566
-8.0,21.368218190573458
21.0,15.901428124458612
21.0,15.625184851648328
21.0,16.161928793185055
13.0,7.131786064601016
21.0,16.478162753794273
-13.0,2.905683757207953
12.0,13.88772762150964
14.0,23.73207726658204
14.0,19.97002330261774
2.0,11.050143673337011
-5.0,2.216279059644492
22.0,16.751982840000956
21.0,20.003947915068125
21.0,20.003947915068125
22.0,22.99420883694659
22.0,22.71674586199495
22.0,26.38914192162609
13.0,6.203689377743501
15.0,9.431422586774673
4.0,3.5369319762850537
21.0,16.926452275460086
21.0,10.696342211532453
21.0,17.171194122423586
13.0,7.38379747137531
22.0,23.022067374048426
12.0,11.1821992343936
18.0,9.559851476765424
20.0,16.484212611463718
21.0,18.918344098976668
21.0,19.352094501020886
21.0,14.9515227581687
-7.0,3.6483985600506017
10.0,4.566802500493722
19.0,12.840894791075769
20.0,15.88083914716757
21.0,19.590786490314947
21.0,16.09407956828428
16.0,9.885778183789036
16.0,9.885778183789036
22.0,23.195333325045304
8.0,10.901109588376116
22.0,22.677974876337373
22.0,22.663435756715778
21.0,10.298939608542213
8.0,8.903167907190095
-3.0,9.439911848726823
7.0,8.903167907190095
9.0,4.196054950143079
22.0,25.770009635567
6.0,11.520241874435214
3.0,10.444330804758152
21.0,10.308632354956615
-5.0,2.3471311362388363
-8.0,6.650775414947063
-13.0,3.4860450576094735
19.0,7.921761115053393
19.0,7.921761115053393
22.0,17.827893909678018
-1.0,2.7409070681632244
21.0,12.562228331661885
22.0,22.030967835497336
22.0,20.70789173225318
12.0,7.0268495140687435
21.0,20.375175640982604
22.0,23.184901052053398
21.0,20.496334971162554
22.0,26.27451262467943
8.0,6.524030184982408
-9.0,16.342928261877468
3.0,3.5773866219687207
2.0,13.048565530086876
8.0,7.1189306050055094
13.0,8.961788343561203
21.0,21.384440970221135
22.0,21.741869103091545
21.0,16.98871560057615
19.0,21.44139396424527
22.0,24.612174179252314
21.0,13.246047129440633
21.0,13.673747673815413
11.0,9.365257021899986
21.0,23.119475013756222
22.0,20.924035515537327
21.0,24.219617949469274
14.0,9.516714293464474
17.0,11.920547839592885
7.0,9.231981758702041
22.0,24.17842377720809
22.0,24.698205412519627
22.0,23.012854803197868
21.0,16.837274546690757
3.0,5.084641124765504
22.0,25.060479918597224
21.0,19.4301166478999
22.0,26.259973505057836
22.0,26.259973505057836
22.0,28.900075853876686
21.0,12.860760459468395
9.0,5.030111317344968
21.0,16.67127815550468
21.0,14.414039290054461
15.0,10.288507335550307
11.0,15.2791331252184
22.0,23.48295300429607
19.0,23.267289396575762
21.0,16.533156519099535
12.0,9.790534379671165
21.0,14.53519862023441
18.0,19.21081015143463
21.0,21.882413926100284
18.0,7.327324652915024
21.0,20.31095308714768
4.0,4.121400123316242
20.0,12.221022978439159
20.0,12.221022978439159
21.0,13.855486669085337
22.0,24.08149631306413
22.0,28.91946134670549
22.0,22.468841301850347
22.0,25.938893171241418
22.0,22.167146460862718
4.0,15.732285237770519
22.0,28.448143443465923
22.0,25.72565275012471
22.0,22.142914594826728
22.0,24.289890360973644
21.0,15.45966863602608
5.0,10.57323987031274
9.0,8.21787005625631
13.0,10.677436894267494
21.0,22.12595228860154
21.0,20.396984320414994
22.0,19.756043354923513
22.0,20.65868847360369
-31.0,7.157701590663095
14.0,11.434690816731738
-25.0,9.9480415089051
-15.0,2.491782805877264
-4.0,7.681126114719582
10.0,7.681126114719582
-9.0,6.473143266306828
19.0,18.952748886990896
22.0,24.093612246082124
20.0,26.27208943807583
21.0,16.67370134210828
21.0,22.585154258823096
-10.0,7.8313636841427225
22.0,22.777805702648763
6.0,7.144382173182855
20.0,23.89733413119061
21.0,23.24670041928473
20.0,15.401512157539706
-8.0,11.044557773552299
-17.0,2.850430640889023
-9.0,5.83704867402254
4.0,6.070894290109393
22.0,19.170835681314806
22.0,20.372752454379004
22.0,22.609386124859085
11.0,8.148801129214185
-3.0,0.16671093320537267
2.0,2.4057677902890475
21.0,17.128056939122636
21.0,18.189428889178103
21.0,20.304903229478235
16.0,11.060300377636139
16.0,13.088540000206699
21.0,14.021483060271422
21.0,13.013421215495136
21.0,17.051718452269718
22.0,24.019696945832806
21.0,22.411888307826217
21.0,20.68534352624328
16.0,11.536464654082899
22.0,22.77173962730022
12.0,7.877404229611102
16.0,10.90158976393996
-3.0,5.348768464557793
19.0,17.905916056557025
16.0,17.879261003917435
-5.0,7.430318192407533
-2.0,11.231143142029424
22.0,26.852450738477344
22.0,25.213140674623965
22.0,24.673973546483637
22.0,26.061272203562716
22.0,22.318603732427206
15.0,9.25379043813443
22.0,22.00236977181799
21.0,9.215019452476845
-2.0,2.36093072928292
21.0,17.307372747788968
21.0,14.867191402606572
21.0,17.502447378218243
7.0,23.801610151508896
21.0,22.512458660715126
22.0,24.265658494937654
22.0,23.194593798467793
22.0,23.206709731485788
18.0,22.757200507678625
12.0,9.35314108888199
14.0,17.429751780110273
4.0,24.595211873027118
21.0,18.416004945454162
16.0,9.31558980536576
21.0,13.616810897470387
19.0,13.059461760963515
15.0,8.202111234493366
3.0,10.364845822403225
3.0,3.2502564304828567
-1.0,11.383803898056158
22.0,28.406949271204752
22.0,23.552021931338203
21.0,24.122690485325315
15.0,16.52831014589234
5.0,3.614954123164054
21.0,13.825204945379902
15.0,10.580509430123534
21.0,13.696776055389158
21.0,14.658797354697057
22.0,24.17842377720809
22.0,25.829849774079463
21.0,20.938574635158922
22.0,24.686089479501632
22.0,25.22525660764196
22.0,25.181639248777174
22.0,25.181639248777174
21.0,19.00848217887367
21.0,15.26339052113456
21.0,14.12205341316033
-1.0,15.219773162269782
21.0,13.172148046870426
10.0,6.533722931396802
21.0,19.415577528278305
10.0,18.90306545277756
11.0,10.060727794812003
10.0,7.3455066612815685
22.0,19.38165291582792
22.0,31.76068818362306
-11.0,1.0887415447143383
21.0,18.0767426032712
22.0,22.96559455558814
22.0,15.84980167920552
21.0,16.923289562278974
8.0,11.438333705476687
22.0,23.91549992187805
19.0,19.787544780770297
21.0,20.844070357618563
22.0,19.915973670761048
21.0,16.015798070391604
21.0,21.235423102939357
21.0,19.19384784520944
19.0,21.540744614992832
21.0,17.290410441563772
16.0,10.550211488738995
21.0,14.658797354697057
18.0,22.52942096694032
22.0,25.24221891386715
22.0,23.194593798467793
22.0,24.27535124135205
22.0,24.27535124135205
21.0,15.195541296233792
7.0,6.988078528411165
22.0,22.609386124859085
-8.0,9.828101880866498
7.0,13.24969001818559
11.0,5.803124061572156
21.0,13.585309471623603
