"tx_power","prediction(tx_power)"
7.0,4.167546811622515
-9.0,4.167546811622515
9.0,4.167546811622515
-8.0,4.167546811622515
-5.0,4.167546811622515
8.0,4.167546811622515
7.0,4.167546811622515
8.0,4.167546811622515
-8.0,4.167546811622515
-9.0,3.626598097002173
-13.0,3.626598097002173
6.0,3.626598097002173
7.0,3.626598097002173
3.0,4.167546811622515
-10.0,4.167546811622515
-11.0,4.167546811622515
7.0,0.009036291562871668
-13.0,-5.569530051543637
-18.0,-6.1104787661639755
-31.0,-6.1104787661639755
-3.0,-5.569530051543637
4.0,6.872290384724224
9.0,6.872290384724224
1.0,6.872290384724224
16.0,6.872290384724224
21.0,6.872290384724224
7.0,6.872290384724224
-1.0,7.413239099344565
19.0,6.872290384724224
-5.0,6.872290384724224
19.0,6.1161190553997855
22.0,15.339598250503457
6.0,5.582629717113406
11.0,10.975810950851653
22.0,21.27760181743728
22.0,18.55296657411168
22.0,23.476207098810463
21.0,17.089253792041795
21.0,14.724055772543508
12.0,2.8107517570060594
5.0,8.163050351315782
3.0,7.62210163669544
3.0,20.759031231818817
10.0,11.368959298590049
-4.0,2.8242833498767297
12.0,11.034386662542595
18.0,13.977830278331012
21.0,11.94581773508294
21.0,10.934928311423128
22.0,15.96508656357534
10.0,5.597548469781323
22.0,18.823990580912216
-1.0,7.513796749444765
22.0,14.445572389409008
14.0,13.904623674788667
22.0,25.049324067111755
22.0,24.513348270047388
22.0,15.945194893351449
21.0,13.808751081427928
22.0,21.30743932277312
3.0,6.557609418900661
22.0,23.954994343981134
22.0,19.31411082099209
14.0,5.404703984079106
10.0,12.325146629134153
-10.0,1.7324400855240967
21.0,12.635953976382474
6.0,8.503695203899944
-10.0,2.3120728416114886
22.0,11.21092523577964
6.0,5.249444240863198
22.0,19.09391528873202
14.0,10.436249396028558
17.0,8.631891761374511
-1.0,6.669500063910057
13.0,7.976565942966786
22.0,23.96742663787107
21.0,15.31473366272359
22.0,19.6472962972423
-7.0,4.0716742182617764
22.0,15.92281676434957
7.0,12.672151559071537
21.0,17.719715022669654
22.0,10.570518170039833
9.0,3.037163033336377
-8.0,4.811683162654582
21.0,13.76165189217972
22.0,17.329484522059296
21.0,15.828474858319609
22.0,22.00020555038418
21.0,13.143622955441792
8.0,12.426135667584404
21.0,14.209502333033818
21.0,12.606547859396684
7.0,12.586656189172793
21.0,13.204685125910721
14.0,7.177169042969375
21.0,14.800180223213893
21.0,15.333669561500272
15.0,10.963810045311767
8.0,7.612299329117029
11.0,11.249752804780229
18.0,10.992260390850355
13.0,9.483791350776713
8.0,7.594894117671124
21.0,16.914245906135534
19.0,20.49809658766376
22.0,25.93742123920302
19.0,20.570203892225372
21.0,19.416199158423076
16.0,8.393335246221334
15.0,10.624264491708338
3.0,9.664203542589
22.0,21.308970010103906
22.0,20.700886908477926
21.0,14.548760025820734
21.0,13.810281768758713
22.0,20.260495843957784
18.0,10.699957554028678
11.0,6.322638661506211
10.0,4.111601086243098
1.0,9.881912616071084
-5.0,21.302609932750684
21.0,10.801902363926125
12.0,9.401738211103158
12.0,9.401738211103158
21.0,18.326842352848438
6.0,2.6268973349685822
19.0,14.418364870384693
21.0,13.869956779430389
18.0,19.01946505292596
7.0,6.488132100650574
22.0,22.106023978856868
19.0,21.849918724724247
-12.0,3.3120606587121486
-4.0,8.374542874978182
17.0,4.684873764977262
8.0,5.48082843474949
9.0,5.913472262119157
4.0,5.278038113935324
21.0,12.826455530840242
12.0,2.1356777959079736
12.0,4.631558831658808
18.0,21.30758285030666
21.0,16.098399566139413
21.0,16.615582991960622
15.0,6.9307217631321905
22.0,17.24604422258848
22.0,22.06236701983385
21.0,14.005324852422405
22.0,12.332749533001646
-8.0,4.30941848950129
21.0,14.62474094895758
21.0,12.586656189172793
21.0,23.267488088993126
22.0,26.495775165269265
22.0,26.50074808282524
21.0,12.304299187463059
21.0,12.304299187463059
22.0,26.47836995382336
13.0,6.368782079307216
22.0,23.838274308949302
17.0,9.023796476849192
22.0,21.589939852016393
18.0,18.503380926085484
17.0,14.989151090340876
22.0,22.632053940809293
21.0,13.311602853364143
-1.0,1.767681896765957
17.0,7.081296449608637
-10.0,1.9378603926497817
21.0,17.32451160450332
-4.0,6.354962625620033
21.0,14.82863056875248
9.0,5.378883624852037
11.0,14.160872456454825
-6.0,1.2267331821456153
2.0,7.231871136085083
21.0,14.515336762726172
21.0,13.189766373242797
22.0,12.105382485224126
19.0,16.97143445802923
22.0,16.437945119742835
10.0,9.302279859983692
11.0,12.831428448396217
21.0,10.466230428897937
22.0,22.632053940809293
22.0,22.61464872936338
14.0,14.001739094663684
21.0,9.881912616071084
21.0,17.414024120510838
15.0,13.59257269527663
21.0,8.714088428581604
21.0,13.668553618413476
12.0,9.340963901450742
1.0,10.073369941976054
21.0,18.49840800852951
19.0,8.150761584959383
10.0,2.4216205553764354
11.0,12.65379057617843
-3.0,5.639961796540632
21.0,18.878836201561462
18.0,10.833127029059213
15.0,14.311447142931272
14.0,13.363818487701863
21.0,11.127916324658884
5.0,1.2690029813713863
8.0,1.767681896765957
21.0,10.063424106864105
6.0,5.29931694395647
7.0,6.095271613728691
21.0,6.095271613728691
5.0,12.817896855525547
9.0,15.245256344473496
14.0,5.371424248518082
13.0,6.438402925090841
11.0,10.795830147389417
-4.0,9.501196562222624
14.0,9.444008010328929
16.0,8.577333195792342
7.0,3.391627339607723
21.0,10.680065883804787
21.0,7.349833997631187
5.0,6.320152202728224
22.0,23.833301391393334
21.0,17.38915953273098
17.0,22.225374000200226
8.0,5.212290886726933
-8.0,4.2000143032698745
13.0,11.28207676889405
21.0,14.584957608509797
21.0,16.163047494367063
12.0,19.618989479237243
22.0,19.618989479237243
-3.0,2.5498171128510023
-24.0,5.7432937662353325
2.0,3.931476755247324
18.0,10.075856400754041
22.0,21.6446419451321
-11.0,3.470094721522557
10.0,15.686746707974372
22.0,11.932429669745808
3.0,8.125896997179517
21.0,27.192271483922028
21.0,13.393655993037704
10.0,7.979195929278312
21.0,11.284563227672038
20.0,9.818363986824167
20.0,13.557762272384814
1.0,11.014638519852234
21.0,22.588396981786268
21.0,23.67029441102695
21.0,27.94815495242996
22.0,29.007674252668764
21.0,15.649449826304576
17.0,8.259066472210058
21.0,18.875250443802734
16.0,10.404068959448267
20.0,18.002215551912926
10.0,6.846182164680648
22.0,21.163368241183434
21.0,20.49561012888578
20.0,13.994279718329722
22.0,22.14580731930465
22.0,15.617125862190747
22.0,24.359331353345752
22.0,26.49826162404726
16.0,21.63469611002015
21.0,17.808271767229975
21.0,10.317042902218738
21.0,16.212776669926797
22.0,33.431136562992236
22.0,23.215272454655405
22.0,21.726695084805655
21.0,16.659239950983647
22.0,30.090958841706694
22.0,29.542550750752383
22.0,23.05862555164225
21.0,18.67991949932253
22.0,19.20485016229422
22.0,22.490325790464055
21.0,20.490637211329805
13.0,2.8034359082056355
21.0,12.964597923426759
5.0,10.422861330691426
-4.0,6.324025821303458
21.0,9.567231650247521
19.0,10.963810045311767
20.0,11.478507012354996
22.0,25.344256890244957
22.0,21.363672103219614
8.0,10.799415905148138
-20.0,1.4168033482533318
21.0,15.188067792579801
6.0,6.071506324929565
13.0,12.034374479643255
10.0,14.489085015149058
9.0,6.342530331730103
21.0,17.996143335376217
21.0,17.455194620755876
11.0,13.069029192102192
21.0,14.140980786230934
12.0,6.900884257796349
21.0,19.128869239157368
-6.0,-1.4048037874137478
22.0,34.456944739319965
21.0,17.778434261894134
2.0,9.340963901450742
6.0,9.016337100515237
21.0,20.118767693612547
1.0,6.636220328349033
2.0,6.095271613728691
15.0,6.095271613728691
11.0,6.636220328349033
15.0,6.095271613728691
-10.0,5.5543228991083495
12.0,10.818208276391296
21.0,17.82567697867588
21.0,18.33678818796038
-6.0,5.736933688882111
21.0,17.173936918026868
21.0,12.756834685056617
21.0,20.53787992811155
22.0,10.741128054273709
19.0,19.618989479237243
22.0,21.241835623098268
16.0,16.680230920188272
-24.0,1.1333470475628644
21.0,13.547816437272871
14.0,7.177169042969375
22.0,24.83811859851643
21.0,16.163047494367063
14.0,6.795353690140175
13.0,7.177169042969375
13.0,14.021630764887576
21.0,17.20764804193795
12.0,6.636220328349033
1.0,7.177169042969375
2.0,6.636220328349033
13.0,7.177169042969375
14.0,6.636220328349033
11.0,6.636220328349033
13.0,6.636220328349033
8.0,4.152771586488129
22.0,22.153266695638614
22.0,24.83811859851643
21.0,15.65690920263853
21.0,9.085957946298862
13.0,15.195527168913763
17.0,16.18791208214693
19.0,7.4830034726617285
8.0,12.717051344608834
-25.0,1.3372366673577645
21.0,17.748596756558292
21.0,10.099333828736654
21.0,16.56585381640089
14.0,8.583405412329057
14.0,8.259066472210058
21.0,11.28207676889405
-2.0,8.515171726342679
10.0,9.881912616071084
21.0,9.427989958680271
-4.0,6.095271613728691
3.0,2.8495793260066407
3.0,6.011831314257883
22.0,19.03935672314985
22.0,20.06903851805282
8.0,5.181066221593845
-13.0,12.831428448396217
21.0,13.384809456906495
21.0,18.153889537370112
22.0,25.244798539125497
22.0,23.748761792941785
14.0,4.388985170396857
9.0,9.624420202141216
22.0,23.54348501334964
21.0,19.510684591986568
22.0,20.046660389050942
21.0,12.407343296341246
-1.0,1.200481434568502
22.0,16.825832689108744
17.0,10.057064029510883
11.0,6.796452989120915
8.0,3.525896113618998
17.0,8.49389289632154
5.0,4.984635978132907
20.0,21.173314076295384
4.0,14.224421085701735
21.0,16.69156391509747
-2.0,6.5875904517700405
22.0,21.04153176106209
12.0,6.222081011406011
17.0,9.340963901450742
3.0,5.8278333646868745
10.0,12.917355206645013
10.0,8.291390436323887
-11.0,2.4901421021793197
-2.0,10.46374397011995
21.0,25.48847149936818
15.0,14.734145135188989
21.0,14.193196420568647
21.0,14.908197249648055
-6.0,7.078809990830649
17.0,11.13647499997358
15.0,6.880992587572457
-14.0,2.0771020842170316
21.0,11.809206029827216
5.0,4.954798472797066
22.0,22.681783116369026
17.0,18.85784523235683
-1.0,10.344393948776592
19.0,9.187902756196308
19.0,9.340963901450742
22.0,24.322034471675956
21.0,16.84821081811063
9.0,4.058286152924644
21.0,12.234678341679434
22.0,21.021640090838197
22.0,21.021640090838197
22.0,25.237339162791535
22.0,25.74347745452006
22.0,22.15823961319459
21.0,19.9422291203755
22.0,22.32373305233895
21.0,13.508033096825088
22.0,23.59818710646534
22.0,13.818840444073409
11.0,3.160386673254969
21.0,17.83810927256581
21.0,20.266999448844544
1.0,11.078330676632689
11.0,13.432483562038286
22.0,24.1903956839762
19.0,20.376403635075953
21.0,17.891855594234308
7.0,16.0513003768912
19.0,13.331638051121573
21.0,15.53770270882871
4.0,4.5024065027370455
-4.0,13.592716222810168
-3.0,3.4638781717028664
-3.0,3.4638781717028664
22.0,11.575622432230006
9.0,17.511139540385848
21.0,10.401726028203818
10.0,7.054088930584321
21.0,21.856134468794494
22.0,22.859852376936857
21.0,14.32402296435474
5.0,9.423160568657835
5.0,9.423160568657835
21.0,24.044793915055727
22.0,26.213561691093062
21.0,23.47400769509955
22.0,26.183724185757228
10.0,17.215250945805444
21.0,17.95511636266471
-2.0,10.40918540453778
13.0,12.972200827294252
21.0,15.847410757096299
22.0,22.470577647773695
2.0,7.743125872903121
-7.0,6.090442223706255
22.0,22.609819339340945
21.0,18.085799378917265
7.0,9.053777509718572
18.0,24.12326129697056
1.0,4.2363554134924755
22.0,24.587129789473323
22.0,24.50756310857775
21.0,20.832812751244752
22.0,20.991946113035894
22.0,28.87244970721028
22.0,21.391166677311
21.0,18.669017892763378
21.0,17.67663297953021
4.0,10.967539330604026
-5.0,8.272741592614267
-4.0,9.917965865477171
5.0,14.78401783828226
22.0,21.956979979711207
21.0,17.920305939772902
21.0,16.819904000105574
21.0,18.047115337450215
12.0,9.617104353340792
21.0,14.407175403009035
-20.0,8.471658294853192
2.0,6.4111954060665255
18.0,10.186791274316235
7.0,5.783220634216654
22.0,25.681459512603936
20.0,11.522307498911552
22.0,17.73879444897988
17.0,25.331968123888565
22.0,23.554961535792366
21.0,15.852383674652273
11.0,8.241804788297692
8.0,8.022996415834868
22.0,20.875082550470523
21.0,20.339106753406156
17.0,9.515159543443339
21.0,19.22985827760762
21.0,16.751382453302682
8.0,3.9998539687672405
20.0,11.80963741817726
20.0,11.333336631784569
5.0,16.944226939004906
21.0,17.21773740458343
9.0,15.170806108667435
5.0,9.349666104298976
-10.0,2.257657803562857
21.0,11.063411923964772
11.0,7.591451887445935
22.0,24.55977874291547
22.0,26.232354062336228
22.0,25.696378265271854
22.0,25.70135118282783
21.0,17.654254850528332
22.0,25.108186833869766
21.0,14.11018750944789
6.0,6.941098986594184
10.0,6.710957619222171
22.0,21.914710180485436
22.0,19.539566325875207
21.0,19.551998619765143
6.0,11.217572368199939
13.0,10.2575114190806
13.0,10.2575114190806
3.0,4.8952669896589285
21.0,17.415554807841623
-2.0,4.427812739397446
21.0,21.296681243747507
22.0,17.649281932972357
21.0,18.210122317816598
18.0,10.138161397737242
14.0,15.319993635346627
21.0,11.379192188769068
21.0,15.694349611841865
-4.0,-0.8598379266846337
12.0,5.217407331816446
12.0,5.217407331816446
21.0,20.09404663336622
9.0,13.999396163419235
21.0,17.219124564380678
21.0,12.028445790640085
22.0,26.22489468600226
17.0,11.80963741817726
9.0,8.221913118073793
4.0,11.487497076019743
21.0,13.973432276658627
19.0,11.601874179807126
22.0,26.75092464795469
22.0,27.84276791230731
22.0,27.306792115242942
22.0,28.3936624620396
22.0,27.862659582531208
19.0,9.562402260225085
21.0,19.175156184491918
22.0,24.100883167968682
22.0,26.259705108894067
22.0,24.554805825359495
22.0,21.75806327747228
21.0,16.597222009067515
2.0,19.773293451005948
21.0,17.103360300796048
21.0,12.202497905099143
22.0,24.26250298853781
21.0,10.940188284046172
19.0,13.98447741075131
12.0,8.52526108898816
12.0,8.52526108898816
21.0,22.150923764394165
21.0,17.255034286253228
21.0,23.47898061265552
21.0,19.549512160987156
21.0,18.30102199362136
14.0,9.725409240591468
21.0,18.384174432275657
19.0,7.706928290214059
14.0,10.65175906579973
21.0,18.098231672807195
-1.0,12.350586132797602
22.0,23.487827148786728
22.0,24.4429151803501
9.0,6.03325367181256
21.0,13.546860665825669
21.0,21.882386216371614
21.0,21.882386216371614
22.0,25.696378265271854
21.0,19.765834074671986
22.0,23.38836879766727
21.0,19.43762151597776
21.0,15.055329705899311
21.0,15.055329705899311
10.0,6.334115183948946
21.0,20.97454090158999
7.0,12.88766122884271
22.0,31.21775605648466
8.0,15.267778001008907
13.0,6.657354825087204
21.0,21.01681070081576
-25.0,12.244767704324914
21.0,16.480358446502144
19.0,24.399258221327074
21.0,18.758530408770895
21.0,15.887194097544082
21.0,19.299479123391244
21.0,18.900258559116132
21.0,18.01976429089236
21.0,17.917819480994915
6.0,0.800305098846195
5.0,8.275228051392254
21.0,19.25969578294346
11.0,6.812902429119617
22.0,26.29700199056387
22.0,22.946878434166386
15.0,9.645842559695893
15.0,9.951676989388247
