"tx_power","prediction(tx_power)"
14.0,12.921065009714845
5.0,4.328879204313438
10.0,4.328879204313438
-4.0,4.328879204313438
8.0,4.328879204313438
-3.0,4.328879204313438
-5.0,3.7918675914758495
-8.0,3.7918675914758495
-2.0,3.7918675914758495
-10.0,4.328879204313438
3.0,3.7918675914758495
-4.0,3.7918675914758495
-3.0,4.328879204313438
-2.0,-5.874341439600737
-12.0,-5.337329826763153
4.0,8.65955506021674
17.0,7.013937268501373
7.0,7.013937268501373
7.0,7.013937268501373
5.0,7.013937268501373
19.0,7.013937268501373
19.0,7.013937268501373
7.0,7.013937268501373
15.0,9.187344552200301
21.0,7.498098613337753
21.0,12.812882016589477
-13.0,-1.7994025104872193
6.0,2.508218043281019
8.0,8.624972107014138
8.0,7.22391744483992
21.0,8.88106288762281
6.0,5.402902429988615
3.0,8.117932386952134
19.0,13.773934261802836
8.0,13.870766530770112
15.0,14.17030853161652
22.0,14.82951324576996
15.0,3.674462477496462
7.0,8.56751077858592
7.0,8.56751077858592
21.0,14.734986507016188
3.0,11.614360159384951
3.0,11.614360159384951
-4.0,2.953008447578341
-10.0,-2.1634993573118138
3.0,12.40959115613527
-30.0,5.674954995182389
21.0,17.712846908319463
6.0,3.6421850545073653
22.0,18.839897328905295
6.0,7.080974571602518
-12.0,2.7687429574072624
9.0,3.2619494961882225
14.0,13.995088235390021
22.0,20.60753129502706
19.0,14.34783435805653
14.0,14.776486050859305
22.0,21.863691407569256
22.0,21.863691407569256
22.0,19.902215976603493
-1.0,4.310611889514831
2.0,3.524779940527978
10.0,14.520749124069525
22.0,17.32108369893279
-9.0,7.313656196257227
17.0,13.750878959667766
-9.0,2.1164548338943447
22.0,20.21576808564039
22.0,19.125606148470666
13.0,11.731942200273785
21.0,18.102304587492632
12.0,5.402902429988615
2.0,5.28088625558221
22.0,20.780446061040053
22.0,20.780446061040053
-8.0,3.9764869354658217
-8.0,3.9764869354658217
-2.0,5.4722452633032574
5.0,5.463023142449231
22.0,9.710699910666293
21.0,18.36052397140537
11.0,11.471594213056981
21.0,17.967079558701613
22.0,25.870088757173995
22.0,24.773010229363756
22.0,24.289025811436822
22.0,23.215002585761646
22.0,24.26597050930176
21.0,16.206185256310917
17.0,19.527392732517228
21.0,14.719649049327508
-12.0,1.1538983122733484
2.0,6.775140307012009
17.0,7.293707678141544
14.0,4.643232567156197
21.0,9.635418667426443
10.0,11.126565934836862
19.0,11.963119548520865
19.0,11.963119548520865
21.0,13.767641998058735
16.0,13.25368568735621
21.0,14.892386888431055
21.0,17.575139422405492
21.0,17.526723287921854
21.0,12.725896195372648
22.0,18.778272340037034
21.0,10.391278723637711
2.0,2.3914372561980457
6.0,14.818786848508289
-14.0,2.0757565438570893
13.0,9.568558291234751
17.0,11.05509449821816
20.0,24.812204242993374
22.0,26.999444707973325
21.0,16.775474292137595
21.0,18.44875844641504
22.0,22.650324610361977
21.0,14.855498405014949
10.0,5.175456192657329
22.0,25.34229926519044
14.0,4.9819685816322234
16.0,18.499480111112184
18.0,11.914880340946667
12.0,6.035418962295282
21.0,13.230630385221147
21.0,10.836069127935033
8.0,1.038621801598019
16.0,7.579416497706916
22.0,22.915460584915238
17.0,8.077234096914886
22.0,21.587829035754332
19.0,19.054935965657826
21.0,13.267518868637254
22.0,19.571197806573856
22.0,25.289272070279786
22.0,24.66695583954246
22.0,22.19170102478361
22.0,22.19170102478361
-12.0,3.456238361019196
9.0,11.707382621731078
10.0,5.242493495758467
-18.0,3.175140601880841
1.0,0.4946935981199161
3.0,7.399762067962847
8.0,5.608895872796566
5.0,0.3909447385121183
5.0,0.3909447385121183
14.0,19.31084981935706
21.0,13.961306535993288
5.0,10.144586990792504
-11.0,0.8793632899566219
-24.0,1.1929153989935202
21.0,16.798529594272665
21.0,18.626284272855045
21.0,18.626284272855045
21.0,16.535876076842356
22.0,15.482602623088738
22.0,20.965689731926446
17.0,16.233851618872997
21.0,16.752418990002532
21.0,12.33182745577247
6.0,17.201997381636318
-10.0,-0.6093015203308525
4.0,10.057153769588702
21.0,17.26885775782801
21.0,12.693618772383559
22.0,23.742792077745207
21.0,15.3786768365715
13.0,6.503087741818227
17.0,10.545572321033205
21.0,20.057487754714302
7.0,2.0801906773746595
10.0,11.377691801199639
8.0,10.315196226591993
21.0,13.73323597176558
19.0,9.543197458886176
5.0,7.019526509643704
22.0,15.761394852013595
-30.0,10.875263141564645
6.0,8.85402085195716
18.0,11.691066983327083
18.0,11.691066983327083
18.0,11.128694538140927
21.0,19.428254933336447
22.0,12.324910865131947
14.0,13.767641998058735
21.0,13.952084415139261
22.0,20.424067058661848
14.0,12.461114074638282
-3.0,2.654267700537801
20.0,7.860514256845271
21.0,18.37498147958283
-3.0,3.4839047235812757
22.0,18.49717458089868
21.0,16.21310184695144
14.0,19.02035301245523
12.0,9.471549095358029
22.0,20.534555582000714
19.0,8.261676513995418
22.0,20.131264721546508
21.0,17.20643151515388
22.0,19.382144329066314
21.0,16.2684345720756
-18.0,1.9533865156317987
-1.0,1.4163749027942103
-7.0,6.701363340179796
1.0,10.096170856308866
5.0,11.744094178237738
7.0,12.011535683004503
13.0,4.099304363678087
21.0,13.055587015904095
15.0,6.84661174363071
19.0,14.871814043418944
21.0,14.02603830888092
-6.0,8.084327614464854
15.0,8.628255817942964
14.0,13.449655755504274
5.0,1.4555689164238217
-7.0,1.4163749027942103
12.0,5.913048934069991
9.0,9.23195088006279
9.0,9.23195088006279
-1.0,16.648670130394734
1.0,6.894850951204901
1.0,5.809300074462193
12.0,7.0908210193529655
-6.0,2.2346612016796
6.0,1.8244537505848726
21.0,25.962309965714255
-4.0,9.584697002729293
16.0,8.692633737011704
8.0,6.454848534244036
1.0,3.7767070606966158
-3.0,4.829980514450234
22.0,23.29339061302087
22.0,21.06003954377077
21.0,21.285804577784972
-17.0,5.175456192657329
-3.0,-1.8056947742313199
-11.0,-1.8056947742313199
4.0,3.087353526858145
2.0,4.101432966982152
21.0,13.064809136758122
8.0,15.738339549878525
8.0,5.9015212830024595
21.0,20.398706226313273
15.0,8.773327294484432
21.0,14.48005083403227
21.0,27.72994393183602
19.0,11.082583933870794
-2.0,5.422147925502536
21.0,14.051222214320042
8.0,6.92961083131695
16.0,16.64636460018123
21.0,11.313136955221452
12.0,8.688022676584687
19.0,18.98577005925263
14.0,9.471549095358029
9.0,7.323502644007682
21.0,17.324013556042722
21.0,17.36551309988584
21.0,15.971021174533249
22.0,19.49050424910113
17.0,17.957857437847586
22.0,25.886227468668544
11.0,12.45863161751533
9.0,14.569789585449577
22.0,22.164034662221532
16.0,9.794323325248946
6.0,8.397525869682859
18.0,7.106959730847507
22.0,16.775474292137595
21.0,13.905973810869128
17.0,20.12204260069248
13.0,16.229240558445987
21.0,14.304653610896324
-5.0,1.123749492588317
-6.0,-0.5287848897675644
22.0,30.06934939090742
22.0,23.77737503094781
22.0,23.04669888017567
22.0,23.072059712524236
18.0,16.19235207502988
22.0,23.970862641972914
22.0,24.680789020823497
21.0,19.234767322311342
21.0,11.787899252294359
22.0,26.98561152669228
5.0,12.693618772383559
10.0,7.240680483230889
22.0,18.42109208385296
22.0,18.91890968306094
3.0,2.3960483166250626
21.0,8.692633737011704
21.0,8.692633737011704
14.0,8.540645669829715
21.0,18.084661599590447
22.0,21.555551612765242
21.0,15.531018757572376
6.0,2.7255622102470554
22.0,23.61385931269828
22.0,23.61385931269828
21.0,17.819525625037187
19.0,19.345432772559654
-3.0,5.867115256709305
21.0,12.9381819019247
-1.0,-0.03309589386365275
22.0,36.49983249058688
22.0,37.043760694064986
21.0,17.831053276104726
22.0,22.104090876670362
16.0,17.27790295177259
16.0,6.2494794183325055
15.0,6.786491031170094
-10.0,5.712467805494917
-8.0,5.712467805494917
-14.0,3.1934079166794476
15.0,7.056238066150364
21.0,17.831053276104726
-15.0,4.297579962039656
8.0,11.396312969817131
-12.0,5.927059042260474
18.0,19.674769739272207
21.0,13.507470937751378
7.0,6.245045284814935
7.0,9.169878491207562
-1.0,7.648582404112112
21.0,18.400342311931404
21.0,18.895854380925876
15.0,9.958015970407914
14.0,16.81697383598072
21.0,18.41417549321244
5.0,11.407663693975223
22.0,25.91619936144413
21.0,17.446206657358566
9.0,6.786491031170094
21.0,18.351926177447766
-13.0,7.323502644007682
14.0,6.786491031170094
14.0,6.786491031170094
3.0,6.786491031170094
14.0,6.786491031170094
15.0,7.323502644007682
19.0,14.113471530084723
22.0,25.906977240590102
21.0,22.68490756356458
21.0,10.345168119367578
18.0,8.183288486736188
-17.0,6.864879058429317
5.0,5.219438193623397
5.0,5.219438193623397
21.0,12.472464798796373
22.0,18.086967129803952
21.0,10.17704134069104
3.0,6.233517633747404
10.0,3.6291531270321897
18.0,14.567484055236072
21.0,20.518416870506172
17.0,19.036491723949773
21.0,14.187248496916936
21.0,11.907786823396705
21.0,18.340398526380234
22.0,25.293883130706803
22.0,22.63649142908094
21.0,9.552242652830756
21.0,15.139078621276262
22.0,24.233693086312663
-7.0,2.490398128469387
20.0,20.05057116407378
22.0,20.53916664242773
22.0,24.30977558335838
22.0,24.30977558335838
21.0,14.779592834878677
22.0,20.668276334384096
22.0,18.88663226007185
21.0,14.030472442398484
22.0,19.580419927427883
13.0,12.892071297654567
21.0,17.091331931387998
22.0,25.890838529095554
22.0,23.807346923723394
22.0,24.30285899271786
-9.0,-0.044623544931184256
-16.0,0.4923880679064041
21.0,16.9875830717802
2.0,-0.2175383109441782
22.0,21.366675062167147
22.0,21.915214326072267
-1.0,4.72162059441542
21.0,20.073626466208843
21.0,13.371444655154491
13.0,7.143848214263613
-2.0,9.559159243471278
15.0,9.063647174476806
-21.0,-0.02174516970556084
21.0,13.767641998058735
21.0,16.86308444025085
22.0,24.284414751009813
21.0,18.92352074348795
18.0,9.471549095358029
10.0,13.251380157142705
-5.0,2.2300501412525904
22.0,26.397878249157557
21.0,17.83335880631823
18.0,15.125245439995219
21.0,12.977198988644865
22.0,21.633939640024465
22.0,26.9533341037032
16.0,9.711324237562714
4.0,4.345996096523294
21.0,16.936861407083057
21.0,19.096435509500942
16.0,11.700466031090556
-3.0,10.644887047123433
21.0,24.955147116230776
21.0,24.94823052559026
21.0,18.941964985196
21.0,16.637142479327203
3.0,7.97135663400303
-2.0,8.5706175626053
21.0,17.10285958245553
8.0,1.6471048510543156
21.0,14.000677476532346
21.0,13.996066416105329
21.0,17.720564752765853
-14.0,2.204866235813462
21.0,15.258966192378601
21.0,13.548793554685055
11.0,17.27790295177259
22.0,25.365354567325504
22.0,24.85370378683649
21.0,10.315196226591993
10.0,10.188392064849133
10.0,10.188392064849133
8.0,8.93453748252044
10.0,4.862081010529877
13.0,9.471549095358029
21.0,23.215002585761646
10.0,4.523344996053858
21.0,19.02957513330925
14.0,16.215407377164944
22.0,21.525579719989658
8.0,5.825615712866181
-9.0,5.02346812547534
22.0,9.464809431626954
-1.0,2.7555341030226472
22.0,13.871567784575973
1.0,9.762045902259857
21.0,14.077207373565031
21.0,21.4871869601659
22.0,20.964008528609355
20.0,22.57504336712212
21.0,28.40839414150338
21.0,15.914361099910892
4.0,10.117721882036292
21.0,14.321593576196733
21.0,14.999242532058219
11.0,12.397183555556524
7.0,4.644033820962065
19.0,22.227085231792074
15.0,12.466172535052266
21.0,19.793153033966902
3.0,9.5784047389852
21.0,12.885779033910467
18.0,21.2222279125221
21.0,19.825430456956
9.0,18.910311889103326
-3.0,8.621963554198857
22.0,22.42518390324419
12.0,7.8497878595836
21.0,11.599647028592685
-12.0,6.054310603990302
22.0,22.434406024098223
22.0,28.883156438576293
22.0,26.251125569299006
22.0,25.18632446447785
21.0,16.529583813098256
6.0,11.281660786038216
21.0,19.071875930958228
-1.0,9.131308804474372
21.0,15.23901767426291
22.0,22.872456764664477
22.0,22.644209273527323
7.0,9.401055839454642
-3.0,10.318126083701927
12.0,9.324796415499478
21.0,15.151230599240208
21.0,15.151230599240208
21.0,24.593980126516115
22.0,24.054662983465008
22.0,22.738559085371648
22.0,21.657619269055942
18.0,11.874005123999964
22.0,26.797359302990614
22.0,27.864465938025276
22.0,27.288260311558076
22.0,19.3921677037262
19.0,12.157585340261278
22.0,24.12382888987021
22.0,24.03391321154345
21.0,17.4032028371078
21.0,19.795458564180407
21.0,23.04750013398153
22.0,22.061087056419595
4.0,11.986799177552342
15.0,16.246003596836943
21.0,17.00434611017117
6.0,4.862882264335738
-4.0,9.398750309241137
13.0,9.401055839454642
21.0,14.139633616239152
-25.0,7.612495174501873
16.0,16.513445101603708
21.0,16.511139571390203
21.0,17.58516279706538
-2.0,1.3827701303069233
22.0,19.984335114778503
21.0,17.83628866342815
21.0,17.83628866342815
22.0,25.130991739353703
22.0,23.877137157025004
22.0,23.801054659979286
22.0,24.08002381581359
22.0,23.105138389319194
21.0,17.15190004383558
11.0,17.0527622446548
22.0,25.094103255937597
21.0,23.74341640464162
20.0,20.288665102961374
-8.0,10.991163979136388
16.0,19.777014322472354
4.0,6.02203318100122
20.0,12.314184467870277
22.0,18.6730192040216
22.0,20.4362190366258
19.0,20.124972457802414
11.0,11.288577376678745
15.0,10.000316768056905
11.0,3.927013924561521
12.0,12.482488173456261
20.0,13.600316473188059
22.0,20.046761357452624
21.0,17.29927705059056
21.0,18.0968135775544
22.0,26.760470819574508
22.0,27.30209349283912
19.0,11.7080069486275
19.0,11.929160922214677
22.0,26.207320495242385
22.0,24.14457866179177
22.0,27.04156857871287
17.0,24.642396260999746
22.0,22.402128601109126
22.0,25.114853027859155
9.0,2.449876765341571
5.0,11.09047870522663
7.0,11.632101378491228
20.0,12.309573407443267
1.0,4.217510731463349
1.0,16.37741881900682
20.0,13.653343668098714
21.0,15.741269406988451
19.0,12.710735664593415
11.0,14.556757657974401
16.0,9.011421233372033
21.0,13.448151479096623
7.0,7.07778909187779
14.0,17.011262700811685
21.0,20.34169229787203
21.0,21.36729938906356
8.0,10.627067132311808
22.0,21.89047782062012
22.0,22.835391354338924
22.0,21.330410905647454
22.0,24.676979214202348
18.0,19.20541975643218
21.0,23.390847208884566
22.0,21.83975615592297
21.0,19.763181141191325
22.0,22.669393178966445
15.0,18.430938531603402
21.0,17.877788207271266
16.0,11.968531862753736
6.0,12.731485436514973
21.0,19.350668159883085
19.0,16.69327645825723
21.0,15.079936089530946
21.0,18.325061068691554
21.0,14.529091295412329
21.0,14.61421898640262
21.0,17.156511104262606
22.0,34.92400493217315
22.0,30.62791202947244
22.0,29.553888803797264
22.0,29.016877190959676
22.0,24.72078428825897
-11.0,1.0184963565728822
22.0,23.430218149423624
13.0,6.762108379536826
4.0,12.466172535052266
-16.0,17.435480260096895
22.0,16.914607358753855
21.0,23.867915036170984
22.0,23.51995690084094
22.0,20.357831009366578
8.0,5.41372705845437
18.0,10.08544445904721
9.0,3.9571627442465456
-11.0,13.554205868917933
6.0,0.9769968127297659
21.0,10.959063483056752
8.0,11.839422170797363
22.0,21.920449713395698
22.0,21.369604919277066
22.0,16.64255479356008
14.0,15.287256881837095
15.0,9.781114470864338
