"tx_power","prediction(tx_power)"
-8.0,4.244661285511391
-4.0,4.244661285511391
-7.0,4.244661285511391
-4.0,4.244661285511391
-5.0,4.244661285511391
8.0,4.244661285511391
-2.0,4.244661285511391
3.0,4.244661285511391
-6.0,4.244661285511391
1.0,6.5234513801083835
-1.0,-6.063794983644151
1.0,-4.978694323733038
-1.0,-5.521244653688598
-19.0,-5.521244653688598
-14.0,-5.521244653688598
5.0,6.95741293528917
20.0,6.95741293528917
20.0,6.95741293528917
19.0,6.95741293528917
18.0,6.95741293528917
7.0,6.95741293528917
-5.0,6.95741293528917
6.0,6.95741293528917
11.0,3.2898671553300147
-2.0,1.3857083337059848
21.0,14.404201533269926
22.0,20.323783758050695
21.0,14.38559204160265
6.0,5.329761945422504
20.0,16.701994663452503
17.0,17.14410037674139
17.0,12.326300672006269
19.0,10.085516648580445
17.0,9.56739879294922
-11.0,0.569364891362433
7.0,9.760143868174438
20.0,8.118919281460926
11.0,14.727253138224874
20.0,18.291639582148
21.0,15.953125661424885
13.0,11.108178762996054
-1.0,6.41486260533361
21.0,10.899145371554624
22.0,14.553117554666933
22.0,22.327993652423075
-3.0,7.196308239793666
-9.0,5.601233882359438
20.0,23.635701300622465
21.0,12.320871233267525
17.0,12.847133247006866
20.0,15.538167141829689
17.0,4.993923831457316
14.0,17.624605705119762
-5.0,1.4562910373095903
-4.0,1.2069303992459126
4.0,1.033188359606278
22.0,21.845167148593646
13.0,11.79460921952819
21.0,14.922319388901158
11.0,5.337906103530614
22.0,24.186395788686134
22.0,12.798268298358217
21.0,11.637155496104775
-9.0,-1.6171247446760049
17.0,16.069858594307767
-26.0,5.419741228529993
22.0,24.218268560948843
20.0,24.660374274237732
19.0,24.112394505543435
2.0,2.0415730170053266
-2.0,9.062544217913413
-3.0,4.944355022638945
18.0,8.568465292688195
18.0,8.568465292688195
4.0,7.269295346515214
21.0,13.215631221071362
22.0,20.23077943932241
22.0,20.24706775553863
22.0,18.58141069450079
22.0,18.570551817023315
6.0,-0.1499525138535418
22.0,20.266070791124214
21.0,13.150084412288201
21.0,12.607534082332641
21.0,12.064983752377088
21.0,14.832029789542247
21.0,16.956080880085196
22.0,16.519404605535037
22.0,16.519404605535037
9.0,14.286764740217322
6.0,9.352232102599316
7.0,7.751728306426344
-11.0,5.614103619036555
-11.0,5.614103619036555
13.0,9.436388403049762
15.0,10.979883092465982
15.0,6.639480452821537
14.0,10.01694480417649
21.0,14.628819380757854
-7.0,20.122190664547638
7.0,14.156851754405906
-18.0,-2.0952256699364185
16.0,16.278188125579476
-7.0,18.415812812969264
16.0,8.413726288634145
22.0,21.728123899459355
21.0,18.9420748267086
21.0,17.862403605536237
-17.0,0.35148348164316445
22.0,18.757867453509796
16.0,8.012734909804102
15.0,7.689683304849154
22.0,24.367971670182463
1.0,9.89478243255487
20.0,17.767781971526617
20.0,6.553002976920027
20.0,21.64939703774764
6.0,9.89478243255487
-4.0,9.89478243255487
6.0,2.6465618924563685
22.0,21.104131988422715
22.0,19.530775385943443
18.0,16.413924094047943
22.0,25.30336922085995
22.0,23.2770480276143
21.0,17.118964042247356
16.0,7.442643842236549
-4.0,4.079146631646758
-5.0,5.839818870612518
14.0,10.622327223545845
5.0,9.33362261093204
21.0,14.602065730982474
15.0,14.463615043144635
-2.0,7.546196722190885
19.0,19.41715071634823
17.0,14.547771343595088
9.0,11.30293469742093
5.0,7.960761697867781
2.0,-3.1264254863784444
2.0,8.378434936832342
19.0,8.107356543813722
21.0,13.560007037062967
22.0,8.674339348093596
16.0,14.33873795215365
-6.0,2.309936690654574
8.0,1.767386360699021
18.0,19.972881099232332
16.0,19.981025257340434
18.0,15.505280193145836
21.0,16.047830523101396
21.0,11.753578112736236
20.0,19.436153751933816
16.0,11.552295335484601
13.0,15.589436493596281
-10.0,-1.256770928719611
-2.0,8.699165366336231
13.0,8.69645064696686
8.0,9.06797365665215
7.0,11.349478470618507
6.0,4.363798621512224
21.0,17.32256799495005
21.0,19.490054595402903
22.0,24.400154758696587
1.0,11.444100104628134
21.0,17.854259447428127
22.0,24.899269578742228
21.0,15.32028573211042
21.0,15.32028573211042
3.0,14.235185072199307
-3.0,6.520426344487596
22.0,22.265244790676164
22.0,21.728123899459355
19.0,9.526367686157258
5.0,2.0908315095722827
21.0,13.630589740666565
4.0,1.2062265390761908
-5.0,-1.9544538066475212
12.0,8.267131442688203
16.0,5.752554306874394
21.0,9.997941768590906
20.0,11.693854286610112
12.0,11.970362118367468
21.0,15.76860797197466
4.0,3.561028776015526
21.0,11.869917501700805
-1.0,4.2932159179086185
21.0,16.213034860714615
21.0,19.061522478960853
22.0,22.178373770856346
21.0,14.712975681208306
-1.0,3.6312179357008176
22.0,21.668400073333224
22.0,20.58329941342211
20.0,16.41935353278668
17.0,21.223579640674963
22.0,22.848515911172257
22.0,18.96922202040229
21.0,20.745789031665964
16.0,4.18191242376448
-7.0,6.62901511926237
-5.0,2.296756637726041
-4.0,5.956158259577087
10.0,2.3995224298437634
1.0,9.997941768590906
7.0,11.983935715214315
3.0,4.003134489304415
21.0,18.75243801477106
22.0,21.07737833864733
1.0,10.120104140212518
1.0,10.120104140212518
-10.0,1.7565274832215465
8.0,1.2818451375002269
17.0,6.720922033902617
12.0,5.790560378045562
-4.0,7.6489625143086215
12.0,6.639480452821537
10.0,6.0969301228659845
21.0,22.21366512265815
-1.0,10.160824930753058
17.0,10.269413705527832
21.0,10.803819877375275
8.0,9.135448096968084
21.0,26.08210013595064
13.0,13.527823948548836
15.0,21.76341525126115
22.0,19.68512084607918
20.0,20.88695443887317
-10.0,1.7565274832215465
-10.0,-2.9635423242162844
11.0,7.0276853226413465
21.0,13.0446039008011
21.0,13.524715685261164
5.0,1.7460621496623787
8.0,5.7769867811987154
-10.0,3.4873378091242486
-18.0,3.620359058223343
16.0,8.934558863634749
21.0,12.835570509359663
16.0,15.732923076254558
20.0,20.266070791124214
9.0,10.231407634356664
15.0,17.892265518599295
19.0,10.979883092465982
13.0,6.170621089757262
10.0,14.164995912514016
18.0,16.875032842922415
21.0,15.562289299902588
18.0,8.809681772643764
-1.0,8.604150188408305
22.0,18.423956971077374
14.0,9.352232102599316
21.0,16.947936721977086
21.0,21.161141095179467
19.0,24.4517344267146
22.0,11.346370207330835
22.0,11.346370207330835
22.0,23.86846330621851
22.0,21.14756749833262
21.0,10.437332762510422
3.0,8.267131442688203
7.0,8.267131442688203
21.0,17.35514462738248
18.0,10.20426044066297
22.0,25.99251439676145
21.0,16.278188125579476
22.0,32.975085982580055
22.0,33.02395093122871
21.0,23.838601393155443
22.0,23.32862769563232
21.0,15.914809274002302
21.0,16.470933200804694
22.0,21.830889691577077
22.0,24.001091011399296
22.0,25.848634270184874
22.0,24.80968383955304
22.0,26.166256436401085
22.0,28.377178546763844
21.0,18.017142609590287
6.0,17.43930092783293
22.0,20.87066612265695
22.0,19.22672681657408
22.0,21.288339361621524
22.0,17.66965853031101
22.0,19.66068837175486
22.0,22.555326219280374
21.0,15.724778918146448
21.0,19.465622121078574
21.0,18.567837097653943
20.0,11.541830001925426
22.0,18.54883406206836
21.0,18.008998451482178
22.0,20.62402020396265
14.0,8.525423326696597
-12.0,5.031226042458762
9.0,6.414945833000502
21.0,14.403891217018511
12.0,17.12207230553502
22.0,15.122898305983071
16.0,11.257178012059953
-1.0,-0.13366419763732296
21.0,16.568663098101993
12.0,17.881800185040127
22.0,29.183056655548214
22.0,31.88494942784851
22.0,32.43564391591218
22.0,34.06329490577885
22.0,36.2389256643398
19.0,20.209061684367455
22.0,22.84580119180289
22.0,23.225468359596285
7.0,10.092956946518832
16.0,6.0969301228659845
2.0,6.0969301228659845
1.0,6.0969301228659845
-8.0,5.5543797929104315
21.0,16.23475261566957
18.0,10.38886135778008
2.0,9.160274115210704
7.0,11.09933074471823
22.0,21.288339361621524
11.0,12.43457913052962
5.0,2.45381681723115
21.0,13.638733898774674
21.0,20.507287271079775
21.0,18.440245287293585
14.0,7.1820307827770975
6.0,7.1820307827770975
17.0,8.449017640435947
22.0,26.008802712977662
22.0,20.81947999855724
22.0,22.308680300586076
-19.0,-0.16391965461869518
20.0,14.615245783911007
13.0,6.639480452821537
14.0,7.1820307827770975
16.0,7.1820307827770975
13.0,7.1820307827770975
11.0,6.639480452821537
13.0,6.639480452821537
15.0,6.639480452821537
15.0,6.639480452821537
-5.0,6.639480452821537
21.0,12.729696453954261
21.0,12.064983752377088
22.0,19.94573390553864
22.0,18.410383374230527
10.0,5.31316331295487
21.0,9.121874500121237
21.0,18.966507301032927
20.0,13.267210889089384
21.0,20.000421836844332
21.0,21.085522496755438
21.0,19.47144510373562
21.0,13.826049535261156
-13.0,0.44689220348939784
-9.0,9.716004498094804
22.0,21.120420304638927
21.0,19.443904366123625
-5.0,6.550288257550662
22.0,25.93550529000469
14.0,9.352232102599316
14.0,9.352232102599316
-3.0,5.5543797929104315
7.0,4.4692791329993184
-5.0,2.8416281431326595
-12.0,3.3841784730882125
21.0,13.150084412288201
15.0,12.616071784359058
21.0,19.663796635042537
22.0,22.354830529865353
22.0,25.43910518932841
22.0,25.932790570635326
22.0,24.54364134135485
22.0,21.128564462747036
2.0,1.268665084571687
-5.0,6.298212900117619
2.0,-0.35084174718686967
3.0,6.309071777595101
15.0,19.072381356438328
4.0,19.43033076927678
17.0,9.021429883454566
20.0,9.430958964311024
5.0,4.596870943359676
22.0,15.841511851029324
5.0,12.833249333908604
5.0,0.8591360037152214
21.0,14.897183054407108
22.0,23.808739480092385
14.0,17.349715188643742
22.0,22.227238719504996
10.0,11.522433422421535
21.0,12.77856140260291
12.0,6.235380810703816
18.0,9.352232102599316
5.0,10.996171408682201
3.0,9.41195592872544
22.0,11.522433422421535
8.0,14.050977699000505
10.0,12.968591758458757
22.0,24.362148687525412
22.0,23.833171954416706
11.0,14.029259944045549
21.0,14.560951396523627
21.0,14.560951396523627
22.0,26.521491129870157
21.0,14.16771063188338
18.0,4.692279665205909
-2.0,5.742088973315219
17.0,17.002624653282773
21.0,19.159252376258145
17.0,10.852684826023925
-10.0,9.56980319606717
13.0,16.196746544498396
-7.0,3.5691729341236353
-13.0,6.8706251431362375
-1.0,5.033940761828134
-9.0,3.0374814816455498
5.0,3.5691729341236353
5.0,4.995934690656966
21.0,16.405386392021526
22.0,20.000028292926018
21.0,9.89478243255487
22.0,22.338542213649134
22.0,18.014427890220915
22.0,25.99251439676145
21.0,22.18108849022572
13.0,16.26461452873263
-12.0,3.3841784730882125
21.0,16.128878560264162
21.0,13.557292317693594
22.0,17.867833044274974
20.0,23.255723816577657
21.0,9.870039641979133
21.0,13.374702259776136
13.0,14.606397765633183
13.0,14.606397765633183
21.0,17.02635326743738
21.0,21.909306237037377
19.0,24.749649697175506
21.0,21.513350753027765
22.0,22.576733657983915
5.0,27.92351009582775
21.0,28.449772109567093
6.0,6.0019981726049565
21.0,14.815824700992927
17.0,8.343226812697445
13.0,9.97319897801517
20.0,19.24813425527762
21.0,19.67977463500734
22.0,18.58652981698812
22.0,18.58652981698812
22.0,22.983941563389315
14.0,15.404131716309458
15.0,11.985946574413965
22.0,24.066327503931056
3.0,15.219924343110648
22.0,18.502373516537673
18.0,9.501231351663222
21.0,18.559382623294425
5.0,13.133879323738874
-3.0,9.368603646482427
12.0,9.903009818329878
14.0,9.772703288600148
9.0,8.59530217013048
18.0,10.87912815954791
21.0,20.352237950774317
13.0,11.57098805481877
22.0,25.191755410464395
20.0,12.623512082297445
21.0,15.002353249642802
22.0,27.266941552358688
15.0,21.00066233613527
22.0,29.461575346505228
22.0,26.81940640033106
22.0,26.81940640033106
21.0,18.659433696042782
16.0,19.84769369198993
3.0,13.722579882973712
5.0,14.80225110414608
-2.0,4.42321213138694
16.0,17.970682064059595
21.0,13.744297637928668
-3.0,7.906156994228986
14.0,6.590698731839787
21.0,10.665452417204342
18.0,12.501743254594139
21.0,14.989173196714255
22.0,26.20355864740253
10.0,22.118339628478815
22.0,25.14017574244638
22.0,22.080333557307647
21.0,18.93362035234908
21.0,17.38469622419413
21.0,24.24510543839112
21.0,16.500091253698045
21.0,14.486950113380935
21.0,17.33543773162718
21.0,20.74004927667582
22.0,23.16000477848001
22.0,21.53506850798272
6.0,4.683431646928085
-10.0,5.033630445576726
13.0,9.35503004963558
21.0,11.028437724863217
6.0,16.63000423950946
22.0,23.47723340077792
22.0,24.5731929381665
22.0,26.732535380511237
18.0,15.593768528247004
22.0,26.1981292086638
-1.0,9.57684995008725
21.0,14.175150929821775
21.0,14.175150929821775
20.0,11.565558616080033
18.0,20.78891422532446
17.0,10.119400280042804
21.0,18.184751350321463
14.0,8.467710359770123
20.0,23.140608198976125
20.0,22.26454093050645
15.0,11.204500939953917
7.0,8.760506507743699
18.0,11.470543438152106
21.0,18.626857063610352
21.0,17.55261528117672
22.0,19.73096075910705
21.0,19.16669267419654
22.0,22.367700266542485
21.0,19.527356806404356
16.0,9.875469080717878
13.0,8.155911176210964
7.0,5.611078583415775
9.0,9.023834286572523
21.0,13.619420546937683
14.0,15.22767495730045
3.0,11.896360835224783
22.0,20.664037134333476
9.0,12.932990090405546
12.0,12.398583918558103
5.0,10.12793798206922
10.0,8.155911176210964
21.0,20.542268306630163
22.0,19.70109884604399
22.0,15.097368427570728
21.0,11.985946574413965
22.0,24.611199009337675
22.0,28.41448075776529
2.0,9.533807984095652
21.0,14.30817217892087
22.0,22.58216309672266
22.0,24.65463451924758
9.0,2.2910168827358888
16.0,12.116646648062002
21.0,13.61670582756831
22.0,26.45602754875388
14.0,10.895810019682422
21.0,22.978118580732264
21.0,22.650031080956893
16.0,6.167202510218175
17.0,13.48329103455091
22.0,24.592589517670397
22.0,24.058183345822947
21.0,18.257655229376127
16.0,16.66801031068063
11.0,5.863547484767125
19.0,12.903128177342488
12.0,10.651485276439189
21.0,13.356092768108859
21.0,15.12219444581335
19.0,7.700231866075228
8.0,9.57995821337493
17.0,12.832151929820583
22.0,25.693584949879416
21.0,21.836008814064407
22.0,21.841438252803144
21.0,13.510438228244602
6.0,12.289601599865023
15.0,18.68115145099774
22.0,23.569533859336474
14.0,18.0843067336548
22.0,22.400276898974916
22.0,22.598057869020565
21.0,21.013842389063818
21.0,13.420852489055413
-1.0,12.040240961801352
4.0,11.603958231169514
8.0,3.443985526881235
21.0,10.852374509772517
18.0,12.354754864729884
18.0,12.354754864729884
22.0,33.967575867681205
22.0,30.712273887947873
21.0,22.80748480438031
21.0,20.083874277125062
11.0,10.36411856720435
21.0,22.112910189740077
21.0,16.611394747842184
22.0,22.408421057083018
21.0,19.392014381854196
21.0,18.911902597394132
-10.0,2.8037052996283833
21.0,17.843090253699238
21.0,17.843090253699238
21.0,12.374151444233782
9.0,5.909304170128095
4.0,5.733240955037395
21.0,12.808112999414561
21.0,14.459802919687242
22.0,23.577678017444583
22.0,22.4192799345605
21.0,12.647944556621773
22.0,21.33689399401876
14.0,15.675210109328084
22.0,22.495292076902842
11.0,5.537781160442805
21.0,20.829635015865
13.0,9.53109326472628
