"tx_power","prediction(tx_power)"
9.0,4.794535078110201
9.0,4.2558902599580435
-5.0,4.2558902599580435
-5.0,4.2558902599580435
8.0,4.2558902599580435
7.0,3.717245441805879
-4.0,3.717245441805879
-3.0,3.717245441805879
-10.0,4.2558902599580435
-7.0,4.2558902599580435
5.0,3.717245441805879
-10.0,4.2558902599580435
14.0,14.140490160526376
7.0,-1.0349995752452799
-14.0,-5.978361284932987
-13.0,-5.978361284932987
-2.0,-5.43971646678083
7.0,-3.132243840062962
17.0,6.949114350718837
-3.0,6.949114350718837
-4.0,6.949114350718837
6.0,6.949114350718837
6.0,6.949114350718837
21.0,13.107794419170581
6.0,5.617731416410095
15.0,10.822285939367745
3.0,9.836307611767552
22.0,20.032335818131273
1.0,8.769635569498597
22.0,13.33288741272029
22.0,14.22967795042343
22.0,20.150523912483038
21.0,10.433681997673446
3.0,8.262114574608226
21.0,14.677011459871466
12.0,11.080626274986308
21.0,10.535610900412934
3.0,6.449421829938288
22.0,21.141478236541673
1.0,7.662616669895257
8.0,1.1118145809793631
8.0,9.441333113652028
-24.0,-0.9394412289270093
-12.0,10.965956259404386
20.0,16.015493909445723
-4.0,4.18654309816894
22.0,20.165388544132547
22.0,25.006821351080767
22.0,20.570251677439124
22.0,18.672618180486282
21.0,16.456456862472535
22.0,19.130569283969685
21.0,18.655630030029698
22.0,24.500029315034695
15.0,7.717099200034845
18.0,9.827084577694961
14.0,6.156376234562252
21.0,14.798052031874604
14.0,11.0657616433368
21.0,13.269181848508104
1.0,-0.6039252574095215
21.0,11.85073464310939
13.0,5.878924229680038
17.0,5.800354033818351
10.0,3.340717011835551
-1.0,7.147330558620901
17.0,13.68253905704298
3.0,5.757883657676892
22.0,15.237620424938655
6.0,5.333179896262358
22.0,21.221442992366143
22.0,20.22697058953765
5.0,1.7601534182550012
22.0,18.066020760507797
15.0,10.719628077783952
18.0,10.719628077783952
22.0,12.660460909722552
22.0,18.94582314775436
-28.0,8.817747543216967
4.0,7.409917931853606
11.0,5.265956253280336
22.0,23.123141090041408
22.0,24.153713312590128
22.0,23.536498298576277
19.0,10.088094954073178
19.0,10.088094954073178
4.0,6.720320841507572
5.0,2.5916613948914744
-3.0,5.471026181830368
21.0,13.874867872750578
21.0,9.538832541885654
22.0,22.864800754422838
22.0,22.334650011498972
21.0,15.357020642361476
21.0,14.818375824209312
15.0,14.279731006057155
18.0,9.470150981215028
7.0,12.663796551600676
21.0,13.268270452772086
16.0,6.2000587337747675
13.0,10.030030987437918
15.0,7.60861730398242
6.0,3.570540207226145
21.0,14.587641233082692
21.0,12.04731049643113
-1.0,12.658154954023765
6.0,8.34687288999941
-7.0,6.561056930977124
21.0,16.43431027866579
21.0,17.266000692193977
22.0,23.7446031416694
22.0,24.838880928430306
22.0,29.133174841998077
21.0,18.3432903284983
6.0,9.576326921568658
16.0,17.35518848209103
21.0,13.508228077971303
21.0,18.345413847305373
22.0,21.549677011726388
22.0,23.704256284335024
21.0,14.831116937051746
9.0,4.594741873353655
22.0,22.10106294272098
22.0,20.483004969457426
21.0,17.33607681282738
22.0,17.270247729808126
21.0,18.45158978765901
22.0,19.26131605427217
-17.0,0.44909427628096665
-7.0,7.48830569082358
22.0,18.46220738169437
22.0,17.908697931892704
22.0,16.037941220587506
21.0,10.611875140575833
3.0,12.787689601255195
19.0,9.456015308409825
21.0,14.110578460335645
21.0,14.110578460335645
22.0,22.875418348458204
22.0,17.280865323843486
22.0,21.55392404934053
21.0,12.42669140405284
22.0,18.99448164342531
22.0,22.65244887371557
22.0,19.946483670112343
3.0,9.824778621996167
21.0,9.990413088947832
1.0,0.37125303926358555
15.0,8.501889762915717
11.0,6.026659150439102
20.0,18.528036464713622
22.0,20.13547684394181
21.0,25.60474225893924
-22.0,4.274819492329975
-12.0,3.9357854420426506
21.0,11.653064957159913
21.0,18.7552529770704
21.0,13.37092831435588
15.0,6.913561052951188
13.0,8.576212921163261
18.0,18.25483149744555
22.0,21.982874848369214
21.0,17.18603593636952
13.0,9.194822495139881
-3.0,10.136935886635847
21.0,14.279731006057155
22.0,21.628247207588075
21.0,18.856452920965587
22.0,17.40190589584663
21.0,18.468577938115587
18.0,13.035412342838399
22.0,24.796410552288854
21.0,14.818375824209312
13.0,14.279731006057155
8.0,8.77297121137672
16.0,10.50921727899204
22.0,25.419996122723916
22.0,25.96501149729729
22.0,24.34907704284081
7.0,2.0076937229464846
21.0,11.90291121755019
21.0,14.732040511963639
21.0,12.88676602634331
22.0,21.0832318330147
-4.0,6.345186971500006
-13.0,-1.879613538507627
21.0,16.801679032289364
21.0,13.255529339929652
21.0,13.758074338361581
18.0,11.3196725044495
22.0,17.545576215883273
20.0,9.443274195567383
21.0,19.39509773911775
21.0,16.56809196351137
22.0,12.280168606364825
21.0,10.551687655133492
1.0,2.816025429596877
21.0,10.701062930472887
21.0,16.526350546214218
8.0,9.98616605133369
-6.0,3.9272913668143588
21.0,16.135623085712844
6.0,13.747456744326215
22.0,19.969842376990144
12.0,8.25131454368114
-9.0,1.372095998513288
-4.0,5.975694699069358
11.0,12.721131559391637
-16.0,3.4608461881026713
21.0,15.071074562250963
13.0,6.58229211904785
14.0,9.577055880412964
21.0,14.502700480799788
-10.0,1.890900188557488
-4.0,-4.984071318996222
7.0,6.796038559717886
11.0,5.7293665174489306
-1.0,10.178677303933007
1.0,5.7506017055196565
16.0,14.16154291170539
4.0,15.128409570041924
21.0,25.400884453460264
21.0,19.179227779640634
21.0,13.898955538472677
9.0,4.542382862021135
22.0,17.486846648129536
22.0,22.697042768664097
22.0,22.156274431704865
22.0,18.90741737233533
21.0,18.457960344080227
19.0,15.357020642361476
19.0,15.357020642361476
8.0,5.292650602036261
-8.0,4.274819492329975
22.0,21.562418124568822
21.0,16.178093461854303
-24.0,5.822801344960126
14.0,5.810060232117692
-3.0,-1.879613538507627
2.0,-1.879613538507627
9.0,17.79402791631078
18.0,10.136206927791555
22.0,20.00169515909623
22.0,18.479195532150953
5.0,1.7684650565915803
11.0,5.897124503207671
-11.0,3.5747872448402944
-12.0,0.737892834042853
-7.0,6.767038255263174
21.0,16.22268735680283
9.0,4.930257844871136
2.0,0.5680113294770379
12.0,3.265482457851988
22.0,21.200025367403697
12.0,7.815993188231239
-3.0,7.815993188231239
-23.0,6.546192299327615
21.0,14.397253499290457
22.0,27.3544583982413
22.0,16.667897347443784
7.0,6.703332691050996
6.0,9.107758224049903
20.0,16.067670483886523
21.0,13.748185703170513
1.0,7.065725448216121
8.0,11.047862097144197
16.0,13.936449918155681
16.0,13.936449918155681
21.0,15.81994774230332
-2.0,3.9931204498336115
12.0,7.640470086088513
-15.0,-0.6210958447578321
21.0,16.972955096817948
22.0,21.662223508501235
21.0,17.2490125417374
8.0,13.741086187904997
4.0,16.833531814395457
22.0,10.50921727899204
7.0,4.255707823066317
10.0,4.819834866903356
21.0,20.076018317343774
21.0,13.966179181454699
22.0,30.651427431329203
22.0,33.92789023519068
22.0,21.68770573418611
22.0,29.029122420451507
22.0,26.855431478579227
22.0,23.123141090041408
22.0,23.528004223347992
22.0,21.282113642035227
20.0,20.204824005730906
22.0,20.204824005730906
21.0,9.625167854131334
9.0,11.047862097144197
21.0,18.867070515000947
1.0,10.35492936492004
22.0,25.31169666356321
15.0,14.494206405571497
6.0,9.693120455957661
8.0,10.754150900649705
21.0,10.03500698389636
21.0,11.277931087152353
6.0,2.646143925031062
21.0,25.880070745014386
21.0,17.122330372157343
22.0,14.974121655969924
22.0,32.7090537976568
22.0,33.7884669527682
21.0,14.153048836477097
22.0,21.115084615120793
1.0,6.738703551926925
18.0,6.2000587337747675
-8.0,3.732656595407974
18.0,11.241831267432119
-3.0,7.418229570190185
-2.0,1.849158771260342
21.0,18.890429221878748
5.0,4.045479461166124
8.0,1.1172737416645688
7.0,2.1209691785656446
21.0,13.584674755025915
5.0,11.347278248941443
22.0,20.582810353389846
21.0,12.935606958905979
16.0,9.671885267886928
21.0,16.156858273783577
21.0,10.50921727899204
-1.0,6.738703551926925
-1.0,6.2000587337747675
-3.0,6.738703551926925
12.0,6.738703551926925
-9.0,6.738703551926925
9.0,6.738703551926925
15.0,6.2000587337747675
4.0,6.738703551926925
9.0,6.738703551926925
15.0,6.738703551926925
8.0,4.234472634995591
16.0,12.443679554509423
22.0,19.980459971025503
22.0,22.898048096491706
21.0,10.280606206672495
4.0,10.238135830531043
8.0,2.0586581743162284
21.0,16.150487717362353
-5.0,8.407725976560222
14.0,9.092893592400394
22.0,19.488532566628948
21.0,13.302246753685246
7.0,12.096151428993807
-6.0,2.5683026880136737
22.0,19.107028140200164
12.0,4.642188245953548
21.0,16.522103508600075
3.0,10.126318292600487
5.0,9.09926414882161
8.0,5.661413915622603
7.0,2.9681898248618097
-5.0,2.9681898248618097
22.0,21.091725908242992
22.0,22.126545168405855
-1.0,7.125183974814156
22.0,22.23484462756656
9.0,8.421196048246955
22.0,20.780297602447604
22.0,25.224632392473232
19.0,17.293606436685927
10.0,3.556404534420942
14.0,4.436206921667498
22.0,20.788791677675896
3.0,6.25175214398881
21.0,17.4741055352871
21.0,15.845429967988196
21.0,16.614809377266972
21.0,16.06554696507945
20.0,9.493509688092828
10.0,5.093768793015734
10.0,5.093768793015734
21.0,12.62205513430353
17.0,8.478531056037916
18.0,17.91931552592807
21.0,17.289359399071778
22.0,23.1783525790253
19.0,20.495746082299867
10.0,3.60664002694638
10.0,3.60664002694638
20.0,7.971010061147545
17.0,9.431927642687718
3.0,5.895000984400596
13.0,10.63875192622347
22.0,24.764557770182762
22.0,23.71062684075624
22.0,21.564541643375897
21.0,16.33311033477061
-17.0,6.830743819475352
15.0,11.08893791332288
21.0,24.911080567870776
16.0,15.422849725380729
21.0,17.6602462314652
13.0,8.8833941893445
21.0,17.64611055865999
10.0,4.47867729780895
-5.0,6.039400263281543
-5.0,6.039400263281543
17.0,16.907854972643
21.0,16.901484416221784
1.0,2.0289289110172106
21.0,15.202732728289469
22.0,24.81764574035958
21.0,13.495486965128862
22.0,23.15924090976165
22.0,23.152870353340425
6.0,22.160521469319015
18.0,23.188970173060667
15.0,8.89328282453556
22.0,23.767961848547202
21.0,12.286539162786042
21.0,11.047862097144197
21.0,12.695649333706768
20.0,23.82104981872402
-3.0,5.51349655797182
21.0,17.350941444476888
22.0,25.294708513106627
22.0,21.015279231188373
22.0,21.475353853478843
7.0,3.506834643013967
1.0,6.446386915395202
16.0,8.204597129925538
-8.0,6.578045081433707
21.0,13.947067512191047
22.0,23.176229060218226
18.0,10.781027686297342
12.0,6.895661506758593
21.0,19.220786760046074
22.0,13.530675389113092
4.0,6.110688506986001
17.0,15.991041369940199
22.0,26.244404584094873
13.0,9.597379672747678
12.0,13.535651385571533
17.0,8.338196377879413
19.0,14.06932020726525
19.0,14.06932020726525
14.0,12.992030570960928
7.0,4.544323943936497
21.0,16.928907723822014
21.0,14.561976570506111
15.0,12.101610589679012
15.0,20.266223614244304
21.0,15.802777154955024
22.0,20.6166042174113
21.0,17.929750683071724
17.0,10.814821550318797
8.0,7.410947618032949
14.0,9.799113959419586
13.0,12.984265454576942
18.0,11.007332802918107
22.0,21.409342333567878
21.0,21.91613436961395
21.0,17.776857328962485
13.0,12.871718957802088
21.0,11.56721280914099
22.0,24.590246791111085
22.0,25.571978081097136
22.0,22.06053364849489
22.0,28.888787742292998
21.0,19.772172691040673
22.0,21.35413084458399
21.0,16.50420396240748
5.0,7.75071062716458
2.0,12.657972517132052
14.0,8.348813971914772
21.0,21.422083446410312
21.0,14.774328451213378
21.0,17.47817013600954
6.0,9.381509713270567
21.0,15.191932697362397
-2.0,10.11054226521496
10.0,18.12013841686396
12.0,9.295840002143358
16.0,15.562819529755814
21.0,15.146609843569564
21.0,22.976435855461688
22.0,22.972188817847538
22.0,24.043107897730636
22.0,24.032490303695276
20.0,23.83500305463751
22.0,26.26988680977974
22.0,23.67009754653015
22.0,25.28178496337248
21.0,13.280829128722814
-1.0,8.144227207591499
22.0,23.66160347130186
22.0,22.83628361419489
13.0,16.205516769454533
21.0,16.74840862522084
22.0,14.25479530232488
12.0,5.351926691742584
19.0,21.066061245666404
21.0,21.09791402777249
21.0,15.287491043680667
16.0,11.213314127204157
13.0,9.173404870177443
21.0,21.071702843243322
22.0,24.579629197075725
21.0,25.50190196046374
22.0,24.950516029469142
22.0,25.11827401522789
-1.0,25.654795314572972
-7.0,5.491349974165082
19.0,23.764926934004116
22.0,21.860922880630056
20.0,11.654277080230969
20.0,22.8745069527222
15.0,11.37609611650445
-1.0,2.2191342079177403
22.0,22.442038074923666
16.0,9.95552539229866
21.0,18.669400829051483
22.0,16.95578450946966
21.0,17.598481749168386
22.0,22.944583073355595
22.0,20.923785485592532
21.0,13.86194432301643
17.0,16.94091987782015
7.0,7.468282625823917
22.0,20.717804161306482
12.0,9.05873485459552
19.0,9.624985417239621
12.0,9.258345622460354
21.0,21.095790508965422
3.0,10.837451298352292
18.0,19.791284360304324
21.0,19.757308059391164
18.0,8.992905771576268
7.0,4.654017963059971
21.0,17.36774715804176
21.0,12.101610589679012
4.0,2.3295571858855197
4.0,2.3295571858855197
22.0,24.60298790395352
19.0,14.230707636602773
17.0,8.394802426826075
21.0,19.19318101555413
21.0,16.506327481214555
21.0,23.088982352236542
21.0,20.7708921314833
13.0,10.627951895296398
21.0,17.73013991520689
21.0,13.605727506204936
4.0,13.48468693420179
5.0,15.100621388658269
21.0,20.81973306404597
21.0,17.65369323815227
-13.0,1.1064737107374896
21.0,14.065802128495406
1.0,4.151472964628049
5.0,15.609536943511408
21.0,22.614043098296555
12.0,9.20738117109061
15.0,16.708061767886456
21.0,20.342670291298923
21.0,19.804025473146766
16.0,6.2933111243942506
21.0,15.734095594284398
11.0,17.42860024460257
6.0,12.73581375414944
22.0,22.334467574607267
21.0,19.598044148860716
21.0,18.942605796319555
21.0,17.849056968402962
1.0,18.38345474894097
11.0,13.414610813568395
2.0,12.430756004775276
-5.0,8.717577285501122
13.0,16.977019697540385
19.0,23.040141419673866
21.0,21.35625436339106
17.0,11.664894674266336
17.0,11.664894674266336
22.0,23.525698267649204
22.0,23.49384548554312
8.0,12.059140213537553
22.0,20.27684120827967
22.0,26.246528102901948
22.0,21.36050140100521
22.0,20.85795640257328
21.0,20.86220344018742
22.0,22.972188817847538
21.0,21.105679144156483
21.0,19.508856358963662
21.0,17.878057272857674
21.0,14.06932020726525
-12.0,6.709520810580493
21.0,17.7450045468564
21.0,12.899324702294038
21.0,14.283795606779591
17.0,16.342816533069957
22.0,29.018322389524435
22.0,31.71154648028523
22.0,22.279256085623373
22.0,22.83276553542504
3.0,12.290603763508479
22.0,20.90467381632888
-9.0,4.804787798362135
21.0,11.415048413876065
22.0,27.824239218831117
22.0,26.74907310133387
20.0,21.492159567043714
21.0,23.11446457792141
21.0,21.96072826456247
22.0,23.069870682972883
3.0,9.76016166204797
-8.0,9.76016166204797
-2.0,9.412633536532354
10.0,10.489923172836676
21.0,18.6757713854727
