"tx_power","prediction(tx_power)"
5.0,5.05480596302376
-5.0,4.5187881936600505
-10.0,4.5187881936600505
7.0,4.5187881936600505
-4.0,4.5187881936600505
-5.0,4.5187881936600505
-1.0,4.5187881936600505
-6.0,4.5187881936600505
3.0,4.5187881936600505
5.0,4.5187881936600505
8.0,4.5187881936600505
-8.0,4.5187881936600505
8.0,3.9827704242963407
-3.0,4.5187881936600505
7.0,3.9827704242963407
-5.0,3.9827704242963407
-10.0,4.5187881936600505
-20.0,-5.129531654886748
-20.0,-5.129531654886748
-14.0,-5.129531654886748
-5.0,-5.129531654886748
-9.0,-5.129531654886748
-38.0,-5.129531654886748
7.0,7.7348948098423165
1.0,7.198877040478607
5.0,7.198877040478607
5.0,7.198877040478607
9.0,7.7348948098423165
7.0,7.198877040478607
18.0,7.198877040478607
9.0,7.198877040478607
5.0,7.198877040478607
7.0,7.198877040478607
6.0,7.198877040478607
-8.0,0.24676483772151414
19.0,7.88175497824615
19.0,15.545400761386162
6.0,2.629035944416721
1.0,8.806930348569743
-3.0,5.109810822602292
-16.0,2.7615682915128588
13.0,11.18382852227456
21.0,10.101047117566367
22.0,20.31941331108265
15.0,5.432702250014103
20.0,7.89966475488076
-16.0,-3.062988064949515
-9.0,9.878965887297163
-9.0,9.878965887297163
22.0,20.10398054347852
-18.0,10.11179298354714
21.0,11.156963857322637
6.0,3.7476369023941345
2.0,0.06715162338661429
-4.0,1.7593808816604266
22.0,22.438410701249033
20.0,19.336926655528288
21.0,13.95167527460272
22.0,21.9310485745007
-3.0,7.356483074863206
10.0,4.5187881936600505
8.0,9.486226331010357
12.0,14.3551606968703
21.0,15.543609783722701
22.0,19.256332660672527
12.0,4.050312127519106
20.0,7.25746385538406
20.0,16.94876716785393
-8.0,3.2975860608765686
2.0,11.854169616397876
6.0,8.666718642830993
7.0,6.458172369491535
-2.0,2.094809152716465
15.0,5.527624066177552
22.0,21.361002229531223
17.0,12.257655038665447
22.0,24.632629153280796
17.0,14.494856954620282
10.0,5.877380158541293
-7.0,4.403650175209755
13.0,3.089832651915053
22.0,25.894927469968977
8.0,1.7383082953327573
13.0,9.04324309779173
9.0,3.1470476347909084
21.0,7.374296549142905
21.0,17.32580707080345
17.0,7.304448420267917
21.0,13.883521821036283
22.0,20.849961845101063
-1.0,9.650899973693889
5.0,4.206546329874094
-3.0,5.596100363022948
21.0,17.572961988361115
19.0,12.820956618614929
14.0,7.446451103670135
11.0,17.094770952216933
21.0,12.831702484595702
9.0,14.448710681004144
8.0,9.054504411761265
15.0,6.910433334306418
21.0,18.306502748694335
21.0,10.423842242623273
6.0,8.430213288899182
17.0,11.058363783477361
10.0,4.66197010438205
16.0,16.296754995999102
22.0,21.65155975664583
21.0,17.88152559446523
22.0,26.468555770265375
22.0,28.61262684772023
21.0,13.589801484228623
15.0,18.166806490944353
-6.0,6.691418611375369
21.0,10.662557719852401
3.0,9.823349277374952
19.0,8.224250857601128
22.0,22.691357697430945
22.0,25.366073611259118
22.0,23.808167677744898
22.0,20.86838706972445
22.0,21.382913107126626
1.0,7.981953425045077
17.0,5.430814969995737
15.0,19.589873651710207
16.0,16.142730916941424
21.0,13.98075006285196
21.0,12.877752455856928
21.0,14.806906213696415
19.0,14.593264423755741
7.0,2.711324614581031
-5.0,3.988047054931812
21.0,14.02373352677504
22.0,22.685984764440562
-2.0,6.652017102779219
22.0,13.398166874238257
21.0,10.061549306615305
-9.0,3.6884383371450014
21.0,17.730568022745707
5.0,9.400163100809301
18.0,16.620921953085606
5.0,12.77924868436655
21.0,20.328271897045042
21.0,12.832978014270395
-6.0,-2.1964958118862867
-20.0,2.086273410033023
-7.0,1.1181145757863575
15.0,12.541048655126197
-11.0,9.326733016607392
16.0,14.304917019938465
5.0,3.8823793727875966
18.0,8.78355133658983
18.0,8.78355133658983
-13.0,0.12846400957815973
16.0,16.891875028257033
22.0,13.89784964234397
13.0,13.37615969428795
22.0,20.896527264351057
1.0,11.768621834185588
16.0,11.754294012877892
15.0,9.771410925134568
-14.0,3.8913342611049018
-10.0,-1.1572133190899407
10.0,13.406606314566794
8.0,9.046825053118653
8.0,7.465636409979432
9.0,16.022735413489514
22.0,24.87483028348194
22.0,29.740182694014955
22.0,25.38756534322065
22.0,24.31015687150284
13.0,10.895384816102379
-14.0,14.950699874762087
22.0,27.54417326431973
22.0,23.25244915408311
10.0,6.603660705865764
22.0,24.898112993106935
22.0,21.097632210647497
21.0,12.969607764682223
19.0,14.733476129494498
17.0,7.7491263287951
17.0,13.263328101489883
22.0,20.679818967072237
19.0,19.283616471258313
22.0,20.361024942976115
19.0,19.274661582941008
22.0,19.297428844577233
21.0,15.176363060358213
13.0,10.794574618959771
22.0,23.209465690160037
21.0,17.868988750821003
22.0,18.523211045973163
18.0,9.201364580165098
1.0,10.264445230575213
19.0,9.264048798386241
17.0,16.802326145083967
16.0,15.325014206425507
21.0,16.296754995999102
22.0,22.687775742104023
-5.0,2.442677965061833
-2.0,8.023661359293456
9.0,6.291515144434719
9.0,5.683858268532553
4.0,1.2918394091421064
7.0,6.754102829596512
7.0,6.754102829596512
4.0,3.9307357697010517
18.0,7.460778924977824
11.0,10.725241938073552
-3.0,2.3907396128214486
-2.0,8.64743703416677
21.0,14.772877638090648
8.0,9.269421731376625
19.0,18.661116326059684
9.0,4.649433260737823
22.0,14.849889677619487
-10.0,1.3437777613824835
22.0,20.034551560237382
22.0,20.116936532756604
22.0,21.08867732233019
13.0,11.427820630139166
-3.0,8.276189209841505
22.0,19.77485979903549
20.0,20.940026176262897
7.0,2.2958177966579996
-6.0,1.1485611960651951
21.0,22.73792311668094
21.0,17.87794363913831
21.0,17.87794363913831
22.0,16.3522753035664
22.0,18.528583978963546
-1.0,3.857305685499135
-2.0,8.90175586237828
14.0,9.53985935855929
10.0,8.998468656205198
-2.0,11.144330711323505
18.0,14.072089923688495
21.0,13.557563886286317
-38.0,1.4798920638055435
22.0,20.27096061181428
-2.0,11.09060138141966
21.0,13.802927826180522
21.0,22.007964311674634
22.0,23.08895473871936
22.0,23.067463006757826
4.0,7.512717277218208
21.0,9.590522181124975
17.0,8.518486642397555
21.0,17.510277770139965
8.0,4.708535523632051
13.0,6.35599034031933
-15.0,0.20547604910699135
13.0,5.673112402551787
22.0,21.61215824804968
21.0,21.66409660029006
22.0,26.02745981706512
21.0,13.878664336034667
3.0,8.518486642397555
22.0,24.837219752549252
21.0,14.73705808482142
-6.0,-0.43620940240093375
21.0,19.49316085788329
21.0,15.703425941404618
14.0,14.663628000619504
22.0,24.063001953945175
22.0,21.918930876490336
22.0,26.875623147859876
22.0,24.942887434693468
22.0,24.99124383160693
22.0,25.54338039994179
21.0,18.659325348396223
21.0,19.026991217394574
22.0,23.071560410073516
22.0,20.92569835495521
22.0,21.382913107126626
22.0,25.391147298547573
22.0,28.065863212375753
21.0,13.078857402153368
21.0,19.482414991902523
13.0,12.474782481578124
8.0,3.893125238768363
3.0,12.194874518089385
2.0,4.226247084172172
21.0,15.01286864499447
21.0,13.928296262622816
14.0,8.369320048341493
21.0,19.67225862422943
21.0,10.59577609831556
15.0,9.554187179866979
-2.0,0.3827828377896694
-18.0,0.4490490113377348
22.0,32.651307659420034
22.0,29.97121881260147
22.0,31.57748114302914
22.0,32.653098637083495
21.0,18.403215542521252
22.0,10.289518917863674
22.0,22.137430151432618
22.0,18.946397222538813
11.0,2.274326064696467
1.0,6.910433334306418
13.0,6.374415564942709
16.0,6.374415564942709
14.0,6.374415564942709
15.0,6.374415564942709
16.0,22.115938419471085
15.0,15.215764568954363
-3.0,7.1378874975660125
-8.0,3.803060907606529
8.0,10.782037775315544
21.0,17.436847685938048
-12.0,5.886238744503686
10.0,9.116673181993647
8.0,14.390883947784609
11.0,5.2785818686015205
-2.0,1.9693444139192664
21.0,18.449780961771246
21.0,20.577733240254936
21.0,17.88331657212869
12.0,12.870588545203084
-4.0,9.312405195299696
21.0,20.581315195581865
21.0,11.427820630139166
22.0,25.930747023238204
15.0,17.987193276609453
18.0,18.569776465223157
22.0,18.926696468240735
12.0,6.910433334306418
17.0,13.589801484228623
21.0,10.662557719852401
14.0,6.374415564942709
14.0,6.910433334306418
15.0,7.446451103670135
12.0,7.446451103670135
12.0,7.446451103670135
-5.0,6.910433334306418
13.0,11.198575489216111
22.0,22.191159481336463
21.0,19.03415512804842
22.0,25.896718447632438
21.0,14.222532047419243
21.0,10.30026478384444
22.0,23.444083764073476
21.0,17.4995319041592
16.0,15.907597395039211
14.0,19.188179207106096
13.0,16.50809036028754
21.0,20.953838549581825
17.0,9.145328824609024
17.0,9.145328824609024
15.0,9.294495418665086
7.0,5.635501871619098
18.0,14.61885355903297
13.0,16.022735413489514
3.0,12.27061102794353
21.0,20.54907759763956
22.0,19.032364150384957
21.0,12.614478739328106
-5.0,6.673508834740751
10.0,11.963838399502876
21.0,15.181735993348603
17.0,24.28687416187784
22.0,22.650165211171334
21.0,16.307500861979868
7.0,4.766362256851579
5.0,3.1583089487604425
-12.0,3.6943267181241524
2.0,8.613408458561004
-1.0,7.016101016450641
22.0,20.60459790520686
21.0,15.203227725310136
21.0,14.783623504071414
22.0,18.924905490577274
21.0,13.012591228605295
22.0,20.796232515197225
22.0,25.256823973787974
22.0,22.746878004998244
19.0,25.145783358653368
22.0,24.599019723308892
20.0,22.70210356341171
12.0,16.196460246845263
16.0,9.315987150626619
8.0,14.892873141542559
21.0,17.395655199678437
14.0,11.124629957025427
21.0,13.462126622134093
15.0,9.154799160915097
5.0,4.850538207034262
21.0,17.969283499974836
21.0,17.969283499974836
13.0,13.74203458562284
-1.0,1.3849702476420944
21.0,12.575077230731956
22.0,15.267702921194747
12.0,7.933597028131622
17.0,8.541253904033788
13.0,13.35645893998987
5.0,0.9599930934129901
21.0,16.36660312487409
14.0,14.461247524648371
21.0,16.78799832377628
9.0,15.801929712894996
-2.0,6.7290291423080575
21.0,11.917272980252875
22.0,25.355327745278345
22.0,26.414826440361537
22.0,28.04437148041422
21.0,14.686910710244504
19.0,22.74150507200786
22.0,22.72538627303671
22.0,21.49037176693431
22.0,23.264985997727344
22.0,27.50835371105051
4.0,5.122766811880389
-8.0,4.088341804085651
19.0,10.57786632168095
19.0,20.82847011313953
22.0,22.436523421230667
18.0,9.53985935855929
13.0,14.867799454254097
21.0,24.95184232301078
21.0,19.502115746200595
21.0,18.847893451048442
21.0,17.756157158022937
21.0,16.20720611282603
17.0,20.602806927543398
22.0,21.64260486832852
22.0,21.637231935338136
14.0,14.127610231255794
22.0,21.070767545695574
21.0,20.656536257447236
21.0,19.591664629373668
21.0,18.485600515040474
21.0,18.485600515040474
16.0,7.132514564575622
20.0,7.059084480373713
22.0,25.941492889218978
22.0,23.85473309699489
22.0,19.5576360537679
-13.0,3.6943267181241524
3.0,1.2524379005459565
12.0,4.066850072124112
-12.0,1.5192935724016934
8.0,5.807435727311386
-18.0,2.7888521020986374
22.0,21.96139889242464
22.0,21.76439134944389
-11.0,5.652039816224104
21.0,14.126238399226189
22.0,23.58957210044771
9.0,14.748223096436043
19.0,13.37120590693143
22.0,26.700011034485755
21.0,22.417241812566445
21.0,17.602036776610348
9.0,9.353501379204396
21.0,13.125326519048457
-6.0,11.915385700234502
21.0,15.726612348674713
15.0,12.51818509113506
22.0,23.33652880191088
4.0,11.77568944248452
21.0,12.844143025885025
22.0,21.07783515399452
21.0,20.03445525788247
21.0,18.435356838108653
1.0,6.0926203214355965
16.0,9.642364231010447
22.0,20.825307303446465
12.0,10.004657167018408
22.0,26.69284712383191
22.0,25.11524043601962
21.0,16.567611768815617
21.0,18.11298085868561
22.0,26.21055868437203
11.0,8.925457717637137
21.0,20.793069705504166
22.0,24.014549254676815
21.0,23.480322462976567
10.0,8.509435451725338
-4.0,9.348128446214012
21.0,15.147611115387924
13.0,12.283051569232853
-2.0,10.133607558787624
19.0,20.086393610122855
18.0,7.153909994182257
21.0,11.83300072771528
-13.0,2.396016243456927
21.0,22.383213236960678
22.0,22.38500421462414
22.0,21.979727814693106
18.0,11.820463884071053
21.0,11.178778432563128
22.0,20.939929873907992
22.0,24.028877075984504
22.0,24.00022143336912
21.0,19.756853720045967
16.0,11.058782929111217
21.0,17.044527275285105
18.0,18.715264801597385
22.0,23.00340695650707
17.0,9.597589789423914
14.0,17.08930171687164
15.0,16.881032859921355
21.0,15.27477052949368
21.0,16.37776813648872
21.0,17.194969399015854
11.0,10.12823462579724
16.0,12.12007260185787
11.0,25.07225697209654
22.0,25.6476762500564
21.0,21.400726581406325
-3.0,9.838096244316503
10.0,9.838096244316503
13.0,13.098977302085302
9.0,5.193034086389233
22.0,20.271379757448138
21.0,23.238540478409284
20.0,10.963861112947761
21.0,16.978261101737033
22.0,21.361325072810175
7.0,11.79718117444606
11.0,6.245368870818588
-2.0,2.2885575836492436
4.0,0.678713297894646
-2.0,7.476801421594068
10.0,12.89249942279848
21.0,14.482642954254999
21.0,14.482642954254999
18.0,21.96719097104888
-9.0,6.363573396607038
18.0,10.192709821681852
21.0,22.094350385154634
22.0,22.58380273526835
12.0,7.839094357602029
16.0,10.910131783043923
18.0,19.769390563690195
-16.0,10.630223819555184
19.0,12.788622718317725
-10.0,7.955507905727011
-17.0,2.041402666091578
21.0,19.998635704613243
21.0,14.504134686216531
21.0,14.504134686216531
21.0,20.36988352893851
21.0,19.142032933489958
22.0,22.420823767893367
22.0,26.7071749451396
19.0,11.691513492301837
-4.0,8.90754794100252
22.0,28.32239216388458
22.0,25.168969765923457
12.0,14.368020383793471
22.0,23.037435532112838
22.0,24.03783196430181
22.0,26.180112064093187
22.0,25.07762990508693
22.0,24.34639557040593
22.0,21.895551864510423
22.0,23.66121120698616
10.0,13.021449814567696
16.0,24.12200791448449
21.0,22.558729047979895
22.0,22.062112787212328
22.0,22.060321809548867
21.0,17.456967585869982
22.0,22.755736590960637
22.0,18.41438055413588
21.0,18.41438055413588
18.0,10.931623515005462
17.0,10.928041559678533
15.0,9.379090514481632
-6.0,6.42446663716472
9.0,9.113510372300574
12.0,5.929641354060614
-10.0,7.392625471411385
5.0,6.869144545691903
21.0,14.025428202083589
7.0,5.9565060190125365
-3.0,3.1564216687420696
21.0,18.41438055413588
22.0,24.02171316533066
22.0,24.566685823011674
22.0,22.300828264441456
22.0,22.300828264441456
21.0,16.9890069677178
14.0,11.094602482380438
3.0,6.722284377288069
21.0,13.149124676662218
22.0,24.113053026167186
21.0,12.51818509113506
20.0,25.059720128452312
16.0,12.179174864752099
-1.0,7.252413765672628
7.0,4.764474976833206
14.0,15.834586456471158
22.0,29.47681267513122
22.0,29.47681267513122
22.0,32.69291929131348
18.0,17.86889244846609
21.0,17.86710147080263
12.0,6.660875688741619
21.0,15.192385556974457
21.0,13.56463149458525
21.0,16.5174643942387
22.0,20.767996018215705
22.0,21.19655512777173
21.0,19.27993821357648
21.0,18.989284384106973
4.0,3.946758266317296
21.0,19.783718384997883
21.0,19.30322092320148
7.0,15.280143462484062
4.0,5.877703001820237
22.0,25.62976647342179
22.0,22.951468604266694
21.0,15.198273937953616
21.0,18.66511742702047
