"tx_power","prediction(tx_power)"
-12.0,4.902765415784799
1.0,4.902765415784799
8.0,4.359447071091907
-10.0,4.359447071091907
-15.0,4.359447071091907
-4.0,4.359447071091907
-9.0,3.8161287263990147
-2.0,4.359447071091907
-7.0,4.359447071091907
5.0,3.8161287263990147
16.0,12.716087348478048
-20.0,-5.420283133380146
-9.0,-3.2470097546085768
-1.0,-5.420283133380146
-6.0,-5.420283133380146
6.0,7.076038794556368
6.0,7.61935713924926
19.0,7.61935713924926
7.0,7.076038794556368
6.0,7.076038794556368
17.0,7.076038794556368
19.0,7.076038794556368
19.0,7.076038794556368
7.0,7.076038794556368
10.0,7.9207891522958676
15.0,10.930932313302442
-5.0,2.334375848146138
1.0,8.852225840584715
14.0,15.368105689147171
11.0,5.007624406335914
-13.0,-0.18761299669895948
21.0,17.23600676711989
19.0,13.865768641899727
15.0,1.5605506699470126
15.0,6.523311095599539
-4.0,5.99575390191562
-15.0,-2.19342414600019
18.0,14.121887345795535
7.0,1.2260675761230146
5.0,8.285265769378363
8.0,9.562565049631274
11.0,9.629549941419405
-6.0,18.299001729992213
13.0,10.584186991105042
11.0,12.464350297451155
22.0,19.296981944952527
22.0,20.93087726678344
21.0,11.46001828574581
6.0,1.7393923975574097
21.0,15.529216121872473
6.0,7.885326562525677
22.0,20.856011799490815
19.0,19.57236072249288
-16.0,1.0995370029345608
17.0,11.75948015491629
22.0,17.403468996590227
21.0,12.491932311716859
22.0,17.850250291353156
5.0,9.249753538444608
1.0,4.755445990192349
-17.0,2.048704986108504
22.0,21.919006762363146
21.0,10.657082314521539
1.0,10.025107495403176
21.0,11.668853536614698
22.0,20.395439497595035
22.0,24.710463953120225
22.0,20.361947051700966
-13.0,0.40298880102085377
17.0,21.125921510519476
22.0,16.36766749954279
22.0,23.70618475809073
21.0,18.442433684508273
22.0,24.39726389349275
21.0,9.265126141012757
3.0,1.4542157173123087
21.0,17.41293116753002
22.0,17.905025771443746
21.0,15.877543039505184
22.0,24.759770366699115
21.0,13.9461559923799
-12.0,11.59207074212182
14.0,14.908673617570017
21.0,13.822036928184232
21.0,13.847648798573815
21.0,14.959897358349181
21.0,13.85355923020218
21.0,17.119379729987898
12.0,7.30221679186954
6.0,3.7846592410569286
22.0,19.582264258549344
-10.0,15.324373975431683
7.0,3.06643945650589
22.0,26.05480094183713
22.0,26.604029718158387
21.0,18.499567856915803
22.0,19.572413539168735
11.0,7.505141611110062
3.0,4.585625068405079
22.0,23.899258857950656
22.0,23.36185094488613
19.0,8.111504559838849
21.0,20.627527926536573
21.0,18.535030446685994
21.0,18.527149871181507
21.0,16.670628291348848
21.0,15.267239803024154
17.0,11.653145202281593
16.0,14.531288723588005
-2.0,2.452195932272616
21.0,10.655164987321271
12.0,12.117657791929616
10.0,4.0703301030945624
21.0,19.747756344143554
21.0,14.796816781747765
21.0,17.336095556361272
21.0,10.332061391637339
21.0,18.430612821251543
18.0,9.475490170641109
14.0,17.477945915442035
22.0,24.90314950453933
22.0,25.944472884774314
22.0,23.320477923487573
11.0,6.011126504483769
21.0,19.69259231561216
10.0,15.072195559288119
-7.0,-0.21558355940547358
-4.0,2.7039329832995094
12.0,4.7117142764768545
3.0,3.4994297441359663
22.0,20.428984760164965
21.0,20.932900227335423
21.0,16.14154231890548
21.0,10.538926498630104
-3.0,6.503221108397511
-13.0,1.9482804651021581
21.0,20.662990516306763
22.0,19.062587640369912
22.0,27.684755975915806
22.0,26.594178998777778
22.0,23.863796268180465
7.0,9.174499522711173
14.0,8.081952401697023
-4.0,8.024818229289494
6.0,5.345659239471345
21.0,15.324373975431683
22.0,15.056434408279145
21.0,20.042836560445124
-8.0,6.060380101386812
-8.0,6.060380101386812
4.0,5.515091612817798
-1.0,1.8690333449406182
17.0,7.111554201002406
14.0,14.889413543925471
7.0,3.969852765412355
5.0,2.513270392432389
17.0,7.635171106934081
15.0,14.861831529659767
4.0,1.1705149991507966
2.0,1.8808542081973485
-5.0,-1.8711504638737324
-1.0,8.932171825948217
1.0,5.174256722248771
21.0,15.151001314332973
21.0,15.200254911236016
15.0,17.95427936834679
22.0,12.239365347132491
21.0,13.84173836694545
1.0,-1.6623152130048453
18.0,11.35762362086335
-13.0,2.440375069015886
4.0,2.4364347812636424
19.0,11.257146283181143
21.0,15.627776132354398
9.0,10.562126860026893
7.0,10.018808515334001
5.0,5.892917871916481
22.0,22.76533871553795
22.0,22.76533871553795
16.0,15.32043368767944
22.0,20.18862720727813
22.0,23.405194110160792
21.0,21.139323969211517
5.0,14.7455930409686
13.0,3.9560617582795032
21.0,18.690671812899595
21.0,13.759433689265009
4.0,1.0877689563536848
22.0,22.120014254403415
21.0,18.86798476175055
21.0,8.083922545573145
21.0,6.758898447176648
2.0,8.103623984334362
-27.0,11.284728297446847
21.0,11.355653476987229
21.0,10.82809628330331
13.0,3.761017514543468
13.0,6.487459957388538
22.0,20.913198788574206
10.0,6.788891970435145
14.0,15.451991962262909
20.0,10.87340959245411
20.0,21.77326893220601
-1.0,8.018907797661129
21.0,21.147204544716004
9.0,16.82823980143857
18.0,18.93255814454588
21.0,21.428493753884723
19.0,9.04447002688714
-12.0,0.7823966555548338
4.0,0.7823966555548338
-10.0,-2.902623124728109
9.0,17.88729447655865
9.0,12.469872180638717
9.0,12.469872180638717
15.0,9.21784268798585
-22.0,2.461605286536553
-14.0,5.01117614564734
-14.0,5.01117614564734
2.0,9.53700599591754
14.0,11.178781893252946
17.0,16.294772176126287
11.0,10.009399161070064
5.0,8.914881896179793
22.0,19.686681883983795
21.0,15.225866781625598
16.0,17.586303828628715
21.0,26.954715328108023
12.0,13.905224336098016
18.0,12.861489446870237
8.0,6.845584777725989
-15.0,-0.20135118715595013
15.0,16.818389082057962
22.0,13.399338725051436
21.0,21.170846271229465
21.0,13.822036928184232
4.0,16.90901570035956
22.0,25.485870726754655
22.0,26.035099503075912
21.0,12.735400238798448
15.0,13.643195200573842
22.0,22.263393392243614
16.0,9.751310313298134
21.0,13.034862107968934
18.0,9.639012112359197
22.0,23.86773655593271
22.0,25.49375130225914
-6.0,5.859425426022412
21.0,14.03087217905312
22.0,23.899258857950656
22.0,23.895318570198413
21.0,18.05869699378124
21.0,20.253641955190133
22.0,22.515130443270507
22.0,29.7437610098723
22.0,25.97599518679226
22.0,25.700616409251907
22.0,24.090362813934448
21.0,16.20414555782469
21.0,18.30649375705589
22.0,17.75529483685851
22.0,23.75543835499377
22.0,22.655010658475135
-1.0,8.022848085413372
22.0,20.582214617385773
22.0,21.48168763854001
5.0,1.1192912583716321
-14.0,-0.8845497470534838
21.0,14.247588005426508
16.0,14.781055630738791
5.0,11.289109950315762
19.0,19.279303466743286
21.0,19.267482603486556
-5.0,2.875335500522084
21.0,12.137359230690834
21.0,18.81085058934302
14.0,8.271086213804693
21.0,10.534986210877861
21.0,14.499766421570072
22.0,34.53359013954281
22.0,36.161575029745364
21.0,19.32855706364633
21.0,19.32855706364633
5.0,5.20030995775501
8.0,12.304380095044493
17.0,9.727668586784674
17.0,9.727668586784674
22.0,18.129622173321607
21.0,14.20424484015183
1.0,6.758898447176648
14.0,6.215580102483756
-7.0,5.672261757790864
21.0,16.26522001798446
17.0,19.48375706474326
18.0,11.24182649728884
21.0,12.75554304267635
-6.0,5.955962475952376
21.0,15.7337225365483
21.0,15.7337225365483
21.0,19.255220375113154
12.0,5.507211037313311
21.0,12.865871099739152
17.0,10.501493764983792
-2.0,0.9084858636266233
21.0,20.10785130835714
21.0,18.35180706620669
21.0,20.64919950917391
21.0,18.468045554897856
21.0,19.009393755714626
21.0,16.288861744497922
21.0,16.00713117021253
17.0,13.550598438396122
14.0,6.758898447176648
14.0,7.30221679186954
14.0,6.758898447176648
14.0,6.758898447176648
15.0,6.758898447176648
13.0,11.105445204719786
21.0,17.985801670364737
22.0,26.035099503075912
22.0,21.702343752665627
22.0,23.0584487879634
14.0,6.9716739857977785
4.0,2.2335099620231205
1.0,7.137166071391988
21.0,14.735742321587992
3.0,3.4166837013388545
20.0,13.214145200695995
22.0,12.01718045424741
21.0,19.698502747240525
22.0,22.677123606229145
3.0,3.5782354991808347
22.0,26.015398064314695
22.0,26.558716409007587
22.0,22.7515477084051
13.0,11.363534052491715
13.0,7.845535136562432
7.0,6.473668950255686
22.0,25.4444977053561
21.0,19.10593080564459
21.0,18.015353828506562
22.0,17.42672217466287
22.0,21.79888080259559
21.0,17.076477929829892
22.0,25.509512453268115
22.0,25.476020007374046
22.0,24.879507778025868
22.0,25.924771446013096
22.0,25.912950582756366
22.0,23.920930440587995
20.0,24.688403822042076
-28.0,9.759190888802621
2.0,1.215828308301596
6.0,10.942364628118355
21.0,14.247588005426508
21.0,14.255468580930994
21.0,14.097857070841258
4.0,14.991419660367129
21.0,14.995359948119372
22.0,17.922757066328842
21.0,16.889314261598344
22.0,23.85591569267598
-3.0,3.8871067226152576
18.0,8.083922545573145
21.0,12.859519302994116
8.0,12.934384770286727
22.0,29.277278276348156
22.0,27.11385561695721
17.0,14.60768296964008
22.0,23.897288714074534
22.0,22.81262216856487
-11.0,2.5561721925903953
13.0,6.095842691157003
18.0,4.597887296778481
13.0,15.237687644882328
13.0,15.237687644882328
2.0,10.548777218010713
5.0,7.778991609890966
-3.0,12.194493403098363
-18.0,8.395205278000361
-2.0,8.452339450407877
13.0,16.237638003718757
-13.0,1.452245573436187
21.0,16.538628651648693
21.0,11.95610599408765
21.0,21.72992576693133
22.0,23.899258857950656
2.0,9.475490170641109
13.0,9.475490170641109
12.0,6.9578829786649266
21.0,10.79263369353312
22.0,26.052830797961008
22.0,25.51345274102036
21.0,11.105445204719786
21.0,12.764952396940274
22.0,23.85591569267598
22.0,21.971812098577615
13.0,10.280837650858174
21.0,10.288718226362661
4.0,4.0427480888288585
21.0,15.192374335731529
22.0,20.07435886246307
-9.0,4.9146390957173764
6.0,7.198240531551761
15.0,10.926603477109381
17.0,20.292656284271757
14.0,10.522776799180313
19.0,12.961578236111627
19.0,26.867640449117857
22.0,27.41095879381075
22.0,26.296740090159275
22.0,26.29082965853091
22.0,25.719929299572307
21.0,19.75524837120723
21.0,19.771009522216204
21.0,17.060328230380108
21.0,12.503417443208633
3.0,3.2295728497831604
5.0,4.847707020605107
21.0,21.50144189397708
-12.0,2.947842275497777
14.0,9.229716367918428
21.0,15.71801420221518
6.0,3.749249467962599
22.0,22.3812134763701
15.0,9.444020685299016
22.0,24.501734335603047
-2.0,16.814501610981573
21.0,13.469875356151
9.0,7.855438672618888
18.0,9.497214569954295
-7.0,3.192140116136855
16.0,9.532677159724486
22.0,22.527004123203092
21.0,23.05850160463926
21.0,21.948223188740016
21.0,20.910840096257267
22.0,22.479720670176178
21.0,22.98757642509888
22.0,25.753421745466376
22.0,26.292799802407032
22.0,26.298710234035397
21.0,18.938080027733434
21.0,18.938080027733434
15.0,9.8316976637783
20.0,12.660587588181691
22.0,22.57034728847777
22.0,22.57034728847777
22.0,28.436521023036775
22.0,27.873501239582666
22.0,25.221924264030214
21.0,12.701960609580247
14.0,8.217945145825269
22.0,23.06441203626762
21.0,14.702302692369784
21.0,16.883456646645833
6.0,7.944095147044365
6.0,7.944095147044365
21.0,22.75357066895708
21.0,15.127412404495374
21.0,15.127412404495374
21.0,22.625511317009178
21.0,15.260940822954971
11.0,17.52287067615201
21.0,17.426774991338725
22.0,19.59610808235805
21.0,17.018955208981552
21.0,11.757174279275219
18.0,12.42264154428765
6.0,2.747328965250041
21.0,13.617636146860121
13.0,8.101706657134095
20.0,28.97195879222518
22.0,26.78686455019688
21.0,23.01318829548846
22.0,21.914730742845947
22.0,25.82434692500675
22.0,25.899212392299376
21.0,19.577935422356283
20.0,11.532577877397351
22.0,22.06643182130731
22.0,25.326341889464658
22.0,24.239705200078873
22.0,23.696386855385988
22.0,18.353830026758658
5.0,14.580153772050245
22.0,25.245565990543668
22.0,24.698307358098532
22.0,22.916651245558505
20.0,11.874941546725843
-14.0,11.384817086688237
21.0,21.333979664506742
13.0,10.572030396083349
-10.0,4.90878148076488
16.0,11.13702032341358
16.0,8.597741548800066
9.0,6.774712414861469
4.0,16.764806648961866
12.0,18.938080027733434
22.0,21.932462037731042
22.0,25.19237210588839
22.0,25.19237210588839
22.0,23.29250736078106
22.0,23.645163114606824
20.0,14.845681830209983
20.0,14.845681830209983
22.0,28.410909152647193
2.0,25.15887965999432
22.0,28.4207598720278
8.0,6.494951984452207
22.0,22.796472469115088
6.0,11.04836384898811
22.0,9.412498383281068
22.0,20.298566715900122
21.0,18.731656285857333
20.0,21.203950168682717
20.0,23.284626785276572
11.0,21.743328225623365
20.0,22.914681101682383
19.0,10.432150180878722
2.0,-1.0524005249646322
22.0,22.961964554709297
-3.0,-0.07806203651777821
18.0,16.52095017343946
22.0,18.146964919765892
21.0,20.186268514961192
21.0,12.745303774854918
21.0,12.826079673775908
18.0,8.05048291635493
21.0,21.580247649021942
-23.0,11.664577517097499
21.0,19.22375088977107
8.0,12.168492984267964
21.0,20.40692462908681
8.0,12.78273650850123
22.0,25.73569045058128
22.0,26.822327139967072
22.0,24.649053761195496
13.0,11.504995863131654
13.0,11.504995863131654
21.0,19.20207930713373
22.0,25.54064620684524
22.0,25.223894407906336
22.0,25.682496565925995
22.0,25.717959155696185
6.0,5.825985796804204
19.0,9.046492987439123
21.0,20.335999449546435
21.0,17.63516887709094
21.0,8.989358815031594
21.0,15.333836146371468
21.0,14.290542622260368
22.0,26.43465016148778
14.0,6.995368528987093
13.0,8.089885793877365
13.0,8.089885793877365
22.0,23.14518793518861
14.0,8.005169607204131
14.0,7.997289031699644
17.0,8.064273923487782
17.0,8.064273923487782
21.0,16.27665233280038
6.0,12.680289026942908
22.0,23.948565271529553
17.0,8.969657376270376
21.0,18.400672114668907
10.0,14.670339025235158
19.0,13.591582911353868
14.0,9.764712771990169
-2.0,9.768653059742405
12.0,10.631134712367
20.0,14.229468162100602
17.0,12.961578236111627
22.0,23.556506640181354
22.0,25.741600882209646
21.0,13.156622479847663
-12.0,4.3827530658404115
21.0,14.591533270190297
22.0,21.37929297365754
22.0,23.10184476991393
21.0,23.105785057666175
22.0,25.21601383240185
22.0,25.71204872406782
21.0,24.08997426549363
20.0,14.630936147712731
21.0,15.68802067895669
21.0,19.351810241718972
21.0,18.249412401324214
3.0,-0.30418721715508923
22.0,30.72406274662339
22.0,30.72406274662339
22.0,28.55078936785182
3.0,8.645025001826987
22.0,23.39145591970381
21.0,16.24951168365135
4.0,12.961578236111627
21.0,21.922611318350434
4.0,12.418259891418735
21.0,12.190164566905302
21.0,17.345999092417735
21.0,23.287038294269365
21.0,17.755347653534365
22.0,23.534835057544015
21.0,17.863705566721052
19.0,18.78485017051262
21.0,17.158835424186186
9.0,3.7118167343162867
20.0,13.645218161125825
13.0,8.190363131559565
21.0,10.904984711147904
5.0,8.156870685665496
6.0,8.436189750958093
9.0,5.993006661157871
22.0,23.613640812588876
21.0,14.396930391570933
22.0,24.623441890805914
17.0,12.615274279030892
