"tx_power","prediction(tx_power)"
-8.0,4.513970087873439
-5.0,4.513970087873439
-10.0,4.513970087873439
-5.0,4.513970087873439
-7.0,4.513970087873439
3.0,4.513970087873439
9.0,4.513970087873439
6.0,3.975150186266063
-6.0,3.975150186266063
-8.0,3.975150186266063
-8.0,3.975150186266063
-14.0,-5.7236080426666724
-13.0,-5.7236080426666724
-35.0,-5.1847881410593
-1.0,-5.1847881410593
-14.0,-5.7236080426666724
-37.0,-5.1847881410593
-7.0,0.29337662984392665
13.0,7.746889497517685
5.0,7.20806959591031
5.0,7.20806959591031
18.0,7.20806959591031
19.0,14.887113054457984
21.0,5.675413607915658
10.0,7.93544786037949
-2.0,1.4609821878881704
3.0,10.223827487652613
6.0,6.894780285176864
12.0,12.693628812415973
21.0,19.22355282692547
22.0,21.386226878957387
22.0,18.682268110117285
19.0,14.278045919627587
22.0,20.29872781493941
17.0,20.84987179255082
22.0,21.401015770162232
22.0,21.402248177762637
22.0,20.838780124147185
20.0,17.070738035696778
-14.0,1.5521803503180607
5.0,13.877255669265452
22.0,19.44292137979737
-3.0,3.582986789106755
-18.0,10.062382091999702
17.0,12.275584855648184
22.0,20.848639384950417
22.0,12.74415752403253
6.0,1.8802585522563575
22.0,24.06676990338981
1.0,5.834394188367767
20.0,16.806745028979485
21.0,14.87232416325314
21.0,11.312558959270994
14.0,11.218895981640294
8.0,9.099356195622512
22.0,15.185355693755739
-18.0,2.6433766371372514
15.0,3.183428946345032
20.0,21.420734291768696
22.0,17.123731562514152
21.0,14.91915565206849
4.0,6.298037226350502
-6.0,5.156312227914746
22.0,23.034729181390013
15.0,8.517402028001001
-10.0,-2.4339978834038476
6.0,7.574094653230283
21.0,12.803313088851922
8.0,24.832417827285695
22.0,24.33796459929286
21.0,16.24827162957982
2.0,2.2130736281796004
21.0,14.848715662428795
6.0,5.630854177884437
22.0,15.243343874788906
5.0,2.490365338270486
20.0,19.72890496690526
16.0,12.192820790004447
12.0,13.134895757174753
22.0,20.130927624867795
22.0,19.57362160925436
21.0,12.352059150687403
21.0,15.554168370321548
21.0,15.01534846871418
21.0,15.042461435923066
21.0,12.321248960677302
22.0,18.25196510115964
20.0,8.549509649425687
7.0,4.289479148183254
21.0,14.149682772768905
6.0,3.878829637017887
21.0,17.415877187624062
21.0,15.840086933615261
7.0,3.0316500550786714
-1.0,12.630583268378693
14.0,5.667826405896555
22.0,26.49694142852357
22.0,27.58813771534276
20.0,10.334809195503148
4.0,9.172133267860524
10.0,5.3165902397814335
22.0,24.365077566501753
14.0,4.961399070634251
21.0,12.059720769160819
22.0,18.48119291483477
21.0,16.714379482763363
10.0,18.410945681611743
13.0,14.700826750380322
12.0,5.776278274732107
22.0,9.845285597911932
22.0,19.650030880479406
8.0,0.839398220637058
16.0,7.848986571934539
22.0,24.596770195377694
16.0,7.608667089855771
21.0,13.667553620780112
21.0,14.430671705661005
3.0,2.8714370670261573
21.0,21.119834080853465
-4.0,10.165969354247807
17.0,8.126536062256285
22.0,19.51323363683457
22.0,24.799142822074792
22.0,22.18884703086539
14.0,6.2953796547330185
17.0,4.612369939489085
21.0,19.54527623444507
13.0,5.156119471498073
15.0,8.408757402748783
22.0,20.13708966286982
21.0,12.000565204341434
21.0,13.601003610358298
-6.0,-2.2268883827218033
5.0,2.083670830137187
-20.0,2.083670830137187
9.0,12.060953176761224
21.0,23.95566046293679
16.0,16.86103598721143
16.0,20.01015168002821
14.0,16.810507275594873
15.0,9.751622620281232
21.0,16.481196666056164
4.0,14.861039738432837
12.0,10.044935629177367
21.0,17.540350355264856
21.0,20.773269764909102
1.0,4.048901885873626
-29.0,-1.8731874014058718
21.0,13.270460593219191
4.0,13.27292540842
11.0,7.671519877476378
21.0,13.833928646834643
1.0,2.4225829202482743
21.0,20.60442992365376
5.0,14.715615641585167
22.0,24.8965030225067
22.0,26.50926550452761
17.0,10.704789255855182
22.0,24.9273132125168
22.0,26.00125579293033
21.0,17.960859127233455
21.0,13.667553620780112
21.0,14.739031385992845
21.0,16.35425868321456
22.0,22.71164563366751
7.0,3.9946759514558536
12.0,-1.6880684811144349
2.0,7.498982813419822
21.0,15.19774479357396
21.0,16.092988271928924
16.0,5.9453758962182945
22.0,20.942367386395297
21.0,17.827759106389827
13.0,11.936480009120423
11.0,13.555404529143352
15.0,12.233490240817773
-17.0,5.776278274732107
-12.0,4.612369939489085
6.0,8.776272647900015
22.0,21.657421574860436
22.0,21.631541015251955
21.0,17.873358187604772
16.0,15.716846173574865
16.0,21.096418336445787
2.0,10.871164281909714
14.0,13.411212839896095
-1.0,1.5448509285298186
8.0,-0.8189633425988063
2.0,6.6604300846834334
13.0,6.616063411068893
21.0,13.824069386031411
21.0,20.262795238111018
9.0,6.740536578709694
22.0,19.57855123965598
3.0,7.096960155457282
10.0,5.3165902397814335
16.0,6.394230042996185
11.0,6.559372661450311
22.0,16.734098004369827
21.0,22.193776661267
16.0,14.179260555178601
12.0,7.095727747856877
-10.0,2.2512782637921234
-10.0,2.2512782637921234
-9.0,1.767916704202932
1.0,3.9194990878312126
21.0,12.6342804911799
22.0,27.740956257792853
18.0,16.893078584821936
22.0,13.815442532828584
21.0,7.286750925919492
22.0,14.776003614004964
15.0,7.868705093541003
22.0,17.327143840394974
22.0,21.15310908606437
6.0,9.733136506275173
13.0,9.195549012268195
17.0,9.740530951877595
21.0,16.777232270383962
22.0,19.864727583180546
20.0,11.782429059069933
13.0,16.198975325563666
-12.0,0.4672111253150675
-12.0,0.4672111253150675
19.0,16.322216085604055
21.0,17.9436054208278
22.0,21.103812782048216
21.0,21.09025629844377
-12.0,6.418878195004261
-19.0,4.2857819253820395
18.0,9.418614787941308
2.0,6.719585649502825
22.0,11.99440316633941
18.0,12.938942948710533
10.0,8.140092545860725
13.0,6.1351666666805045
-8.0,5.0710833470702
4.0,10.999334672351722
21.0,16.84747950360699
20.0,23.493249832554454
-1.0,8.409989810349188
16.0,10.424774950332633
-9.0,4.464481027440613
14.0,8.595108730640632
2.0,11.906902226710734
22.0,21.171595200070428
22.0,21.638935460854377
21.0,16.811739683195277
18.0,24.91498913651276
22.0,18.29879658997499
22.0,19.51569845203538
10.0,12.011656872745064
22.0,27.065339112540634
22.0,16.804345237592848
15.0,15.184188309969521
15.0,15.184188309969521
22.0,31.772991352960553
22.0,34.029328382623184
22.0,23.299761839291037
16.0,20.54773917403518
21.0,15.703289689970426
22.0,22.020007189610048
22.0,22.558827091217417
22.0,29.699050648157716
22.0,23.22828219846761
6.0,15.264294803995774
22.0,19.864727583180546
22.0,27.584440492541553
22.0,20.56499288044084
22.0,18.95223039841993
22.0,20.10627947285972
10.0,7.175834241883138
22.0,23.190077562855087
21.0,21.033565548825187
21.0,21.65125953685842
3.0,2.320293089414747
2.0,4.066155592279287
19.0,12.174334675998388
3.0,0.8837648942515983
3.0,0.8837648942515983
13.0,12.044931877955975
19.0,10.268259185081334
22.0,21.62537897724993
9.0,17.38260218241315
21.0,16.843782280805776
22.0,20.211034118894055
-1.0,4.560608820272115
21.0,12.08806614397011
21.0,14.285247608813343
17.0,9.950040243946262
22.0,32.0983469594672
22.0,34.2560913810975
21.0,18.404783643609726
6.0,9.251007354286372
22.0,23.250465535274884
12.0,8.100655502647797
14.0,6.394230042996185
13.0,6.394230042996185
13.0,6.93304994460356
14.0,6.394230042996185
-5.0,5.855410141388809
21.0,18.417107719613767
21.0,16.264292928385075
-13.0,1.2364912481979786
22.0,18.48365773003558
21.0,15.812973966406375
17.0,16.28154663479073
21.0,20.05328594604235
1.0,7.0538258894431465
1.0,7.0538258894431465
21.0,16.88691654681992
21.0,13.295108745227267
21.0,16.943607296438493
-9.0,4.05752873907646
21.0,19.425732697205888
21.0,18.923885023610637
17.0,10.429704580734253
21.0,18.971948920026392
21.0,11.401357330314262
22.0,21.657421574860436
21.0,16.83762024280376
22.0,20.143251700871836
12.0,7.471869846210936
13.0,7.471869846210936
-11.0,0.14406255377838306
-1.0,1.2204699493927293
-8.0,-0.39352494022858764
-3.0,7.471869846210936
-3.0,7.471869846210936
2.0,6.93304994460356
12.0,6.93304994460356
22.0,22.20240351446983
17.0,16.300032748796788
18.0,14.681108228773859
21.0,17.37767255201154
16.0,13.647835099173648
22.0,23.278810910084168
22.0,25.431625701312868
22.0,25.947029858512558
21.0,14.708221195982745
22.0,19.535416973641837
21.0,13.45681192111104
15.0,24.47845906573891
22.0,21.8016132641077
22.0,20.1937804124884
21.0,16.42697073163839
21.0,14.277853163210914
13.0,9.352064777519502
21.0,13.139825387576373
22.0,18.106283224081118
-14.0,-1.009986520661414
-14.0,-1.009986520661414
15.0,16.6318081735363
6.0,13.937708665499429
21.0,20.042194277638714
18.0,18.99043503403245
22.0,19.530487343240225
22.0,24.323175708088016
22.0,23.231979421268825
21.0,17.848710035596696
5.0,3.1613106333519383
16.0,7.630850426663045
22.0,18.939906322415894
21.0,15.170631826365074
14.0,8.364390729134243
14.0,8.364390729134243
5.0,6.7824384371234245
22.0,25.965515972518617
20.0,24.71410669764692
22.0,18.973181327626797
22.0,18.973181327626797
-1.0,9.241148093483147
-8.0,6.226364829110395
21.0,11.12750506279373
14.0,12.100390219974152
22.0,20.738762352097794
21.0,21.23321558009063
21.0,12.23102542561697
22.0,13.843787907637875
21.0,11.9919383511386
12.0,8.343439799927374
2.0,11.243609157462558
-8.0,4.8295314573910275
13.0,12.321248960677302
22.0,26.477222906917106
22.0,27.56472197093509
22.0,24.341661822094075
22.0,21.13955260245993
21.0,25.861993734084685
22.0,24.785586338470345
22.0,25.949494673713367
18.0,22.712878041267906
22.0,23.1321544056361
22.0,23.1321544056361
4.0,3.4349051206416163
13.0,6.280590763528167
-1.0,0.26483849861796926
21.0,14.84748325482839
21.0,25.48092200532902
21.0,19.50830400643295
10.0,12.73287309921222
20.0,19.520628082436993
22.0,21.65618916726003
22.0,25.424231255710446
19.0,9.280585136696068
22.0,27.58813771534276
22.0,26.516659950130034
12.0,7.057523112244361
22.0,23.81886321929195
21.0,15.788325814398299
21.0,10.165969354247807
15.0,15.58004892993003
21.0,15.568957261526393
21.0,20.642634559266284
22.0,23.792982659683467
22.0,21.664816020462858
22.0,21.664816020462858
13.0,16.275384596788705
1.0,6.537189324643045
21.0,13.587447126753858
12.0,3.9564713158433307
-18.0,2.7371046385821316
22.0,21.223356319287397
15.0,10.932784661929908
13.0,9.994471941374982
20.0,12.179329330214173
22.0,27.87288889485024
21.0,19.76101258832994
21.0,17.61312742750286
13.0,9.570265946605176
8.0,7.866305302154366
21.0,12.439367333899405
21.0,14.609435831533744
14.0,16.022548282289222
21.0,14.000368696703354
8.0,7.0573303558276805
10.0,6.9821534922030395
13.0,10.23479142345375
13.0,10.23479142345375
22.0,25.936977841292652
8.0,9.208912739455961
22.0,21.532755650802955
-3.0,5.398968792591823
6.0,3.780044272568894
21.0,12.330915465063853
16.0,17.59217649829599
22.0,17.253006627954065
21.0,18.328181615968
-7.0,11.268064553053954
12.0,9.746500233462939
9.0,8.567803007015058
22.0,23.034601448787512
21.0,21.922454232761453
21.0,24.0604801327853
19.0,25.702820397215902
22.0,24.056782909984086
22.0,22.976678291568525
-7.0,2.3474710804378063
9.0,11.660227950213262
13.0,21.451416749176296
10.0,5.394039162190204
12.0,17.101420493104378
13.0,15.169206662347989
2.0,3.789903533372126
21.0,17.7831996763586
10.0,5.410060460995453
21.0,15.079240907518503
20.0,11.709524254229414
16.0,12.285316383848908
-16.0,4.8798674125909045
7.0,5.810850711357588
22.0,23.934774557544095
22.0,21.778262543514188
22.0,20.939709814777814
22.0,15.863567701837113
2.0,10.640511304217497
21.0,18.15071492150983
21.0,18.149482513909426
22.0,26.766903716826214
-8.0,14.32721449104124
19.0,11.141126570212343
22.0,20.924920923572962
-15.0,10.836464112681725
21.0,13.291476546240233
8.0,7.735670096511548
22.0,23.450180590354492
6.0,2.2252049477669615
8.0,3.844129467789898
10.0,4.209179897740313
21.0,15.954765864267003
9.0,8.008032176200821
13.0,9.205215516654754
10.0,7.735670096511548
4.0,4.153721555722136
22.0,24.598067626792265
22.0,23.519195415977116
22.0,25.15290882720489
22.0,24.61532133319792
22.0,22.509338030784583
22.0,24.05308568718288
9.0,5.164811348515073
2.0,7.276956688930426
5.0,13.289011731039423
22.0,23.906429182734804
22.0,20.82879313074146
21.0,19.762244995930338
21.0,18.72280982832811
20.0,23.4193704003444
21.0,22.822627341518036
18.0,11.681178879420123
3.0,6.119210391689428
16.0,10.004331202178214
17.0,9.50741315898457
22.0,21.89657367315297
22.0,20.89411073356287
3.0,4.829338700974347
21.0,15.997900130281145
21.0,18.071840835083975
14.0,15.381438549848319
20.0,10.535756658183168
3.0,12.114011727392764
-9.0,6.310233569752036
21.0,12.789628872644975
8.0,12.280386753447296
22.0,26.449917183291547
21.0,22.13935797043255
21.0,15.546581168302446
21.0,13.342005257856798
-16.0,10.60600389140619
-8.0,1.9491456452764808
18.0,8.993241409385277
21.0,17.599570943898414
21.0,18.13592603030498
22.0,23.715148224441343
21.0,19.182755643509637
-7.0,8.39773075815932
21.0,14.20150891580004
22.0,27.31928010203803
21.0,13.321054328649929
22.0,23.05308756279357
22.0,23.04815793239196
22.0,23.05062274759276
22.0,26.64859258718743
22.0,26.668311108793894
22.0,25.593136120779953
22.0,26.135653245188536
22.0,26.135653245188536
19.0,24.088825507594592
21.0,28.902464801649252
22.0,23.36144724312541
22.0,18.69692926871963
18.0,11.793327971056883
19.0,19.204938980316903
21.0,14.353095050649728
22.0,24.171396816821655
16.0,11.87713168788435
21.0,21.91505978715903
20.0,10.308735879477986
22.0,22.684339910041942
22.0,22.684339910041942
21.0,14.446758028280428
21.0,14.446758028280428
21.0,17.530556118275797
9.0,9.052396974204662
18.0,10.429769604548426
16.0,10.968589506155794
22.0,27.835916666838123
22.0,25.612854642386417
11.0,18.674745931912355
22.0,24.636272262404788
3.0,9.057326604606281
16.0,9.597378913814062
16.0,9.597378913814062
22.0,23.05062274759276
21.0,23.05062274759276
22.0,24.628877816802365
22.0,24.022275497172778
22.0,23.52289263877833
21.0,17.973248227051663
5.0,15.829060289025804
16.0,11.815511307864156
2.0,3.7541637129604126
11.0,6.922997927383648
11.0,6.922997927383648
21.0,17.680909845525072
21.0,12.843854807062748
6.0,11.625720537401946
22.0,27.907396307661564
22.0,28.446216209268933
22.0,31.140315717305818
10.0,12.284083976248503
21.0,19.926155206784067
21.0,17.79305893716183
19.0,24.28231350085801
9.0,19.86823204956508
22.0,22.623951937622145
21.0,17.714184850735982
21.0,21.275182462318533
21.0,21.968053313976398
16.0,10.258207167861421
9.0,5.433476205403132
13.0,8.149759050247269
2.0,8.512344664996881
21.0,14.740328817407416
21.0,23.021044965183073
22.0,22.448950058364787
22.0,26.252731967226914
22.0,26.789087053633487
22.0,24.093755137996204
21.0,20.323248234344987
22.0,26.26505604323095
22.0,23.51796300837671
21.0,12.687339041811448
17.0,12.708289971018317
5.0,14.20150891580004
15.0,10.037606207389118
21.0,20.84974405994832
