"tx_power","prediction(tx_power)"
-12.0,1.7396017740131828
1.0,1.7396017740131828
8.0,0.5324265713213361
-10.0,0.5324265713213361
-15.0,0.5324265713213361
-4.0,0.5324265713213361
-9.0,-0.5415525671771615
-2.0,0.5324265713213361
-7.0,0.5324265713213361
5.0,-0.5415525671771615
16.0,15.649349330175825
-20.0,-8.038432998132311
-9.0,-7.377715259753053
-1.0,-8.038432998132311
-6.0,-8.038432998132311
6.0,6.778878789327105
6.0,7.885157511294634
19.0,7.885157511294634
7.0,6.778878789327105
6.0,6.778878789327105
17.0,6.778878789327105
19.0,6.778878789327105
19.0,6.778878789327105
7.0,6.778878789327105
10.0,8.2785483818251
15.0,13.270935774138366
-5.0,0.0707025448725247
1.0,9.781465778543481
14.0,17.631517135882195
11.0,3.891408342325411
-13.0,-4.72146513834949
21.0,18.47618386625304
19.0,16.804504903411143
15.0,-2.158964552969694
15.0,6.016441686556564
-4.0,5.234302787730529
-15.0,-5.321742426892499
18.0,17.0375773121697
7.0,-1.348876065092469
5.0,8.852626631645531
8.0,10.856836248069586
11.0,10.997521235713561
-6.0,18.80955631415314
13.0,12.562693552263376
11.0,15.505156843369049
22.0,19.053628551486565
22.0,19.30067184340374
21.0,13.499231728301456
6.0,-3.577483886203588
21.0,17.77133834052642
6.0,8.254290646411553
22.0,19.278102806807745
19.0,18.954946943606643
-16.0,-4.629517206326675
17.0,14.371080526932188
22.0,18.477769442918095
21.0,15.535126185750839
22.0,18.660331549474336
5.0,10.351038305027656
1.0,2.5893608405019517
-17.0,-1.808630905140454
22.0,19.378094079656606
21.0,12.769181975412549
1.0,11.61795993119933
21.0,14.13654780749163
22.0,19.23215012336412
22.0,19.474891548724372
22.0,19.221872884081122
-13.0,-3.91081905575556
17.0,19.265147251392676
22.0,17.601498720223724
22.0,19.236729055771004
21.0,18.506267037585843
22.0,19.399625077095
21.0,10.728488561647525
3.0,-2.289179082837972
21.0,18.124002237150336
22.0,18.32461808405069
21.0,17.39982993523045
22.0,19.451947996040786
21.0,15.887842549044327
-12.0,13.878306599036637
14.0,16.318005514306506
21.0,15.58589171044371
21.0,15.654116319734491
21.0,16.414537210145504
21.0,15.669860460340056
21.0,17.56739817576771
12.0,7.90831427410759
6.0,0.05024625400394633
22.0,18.82584826887173
-10.0,17.082606292598328
7.0,-0.18395029138021535
22.0,19.47919287041516
22.0,19.50124105607736
21.0,18.569340166190656
22.0,18.81923635494404
11.0,8.273213539838812
3.0,1.3205629779983674
22.0,19.390523611056793
22.0,19.362384299636652
19.0,9.310517800654338
21.0,18.99987471622267
21.0,18.604066782506834
21.0,18.596682261462142
21.0,17.460114021601676
21.0,16.977884702863122
17.0,14.05631159195933
16.0,16.816066789216432
-2.0,-1.4908654547771505
21.0,12.798193053277238
12.0,14.546402195434297
10.0,1.5347945906257987
21.0,18.9031801621079
21.0,16.80041461482803
21.0,17.983169754402994
21.0,12.193109254896399
21.0,18.49273768288688
18.0,11.01891569422912
14.0,18.219820389719377
22.0,19.411657045082098
22.0,19.45093692131134
22.0,19.331182205795503
11.0,5.174585536594956
21.0,18.88162642744721
10.0,16.62038686204294
-7.0,-6.367470687709378
-4.0,-2.189430343967933
12.0,1.83423180644769
3.0,0.18584620843128974
22.0,19.04791949721456
21.0,19.12769635462251
21.0,17.72296755716325
21.0,12.572880011687737
-3.0,6.173846381597147
-13.0,-1.9585797215274479
21.0,19.022744343043627
22.0,18.728762106432672
22.0,19.54027105975021
22.0,19.499466778680144
22.0,19.373389550213055
7.0,10.618618386596967
14.0,9.276960600767739
-4.0,9.204585685938302
6.0,3.5608116883904994
21.0,17.082606292598328
22.0,16.591498147633228
21.0,18.878030593010237
-8.0,5.339043215896536
-8.0,5.339043215896536
4.0,4.20227514691023
-1.0,-4.414302167396219
17.0,7.38168784346245
14.0,16.94256220764433
7.0,1.0340064685620938
5.0,-1.0759024025355437
17.0,8.447109185415338
15.0,16.904566081968234
4.0,-4.17423979879181
2.0,-4.390400470895692
-5.0,-7.121819796856087
-1.0,10.408715309584132
1.0,2.9359044741067652
21.0,16.764830434091497
21.0,16.855107666621848
15.0,18.382835302682683
22.0,14.10939815307278
21.0,15.638372179128925
1.0,-6.862538218625328
18.0,13.241213730766049
-13.0,-1.5685015841814227
4.0,-1.5933326667356358
19.0,12.98265865179004
21.0,17.468947967451584
9.0,12.075640552308677
7.0,11.592882102125067
5.0,4.8109799568605816
22.0,19.264356501861243
22.0,19.264356501861243
16.0,17.0753841139959
22.0,18.957377096135225
22.0,19.383325929556776
21.0,19.057586237854018
5.0,16.715677081003584
13.0,0.9607477291801043
21.0,18.666015428447555
21.0,16.138653637640285
4.0,-4.644957323025512
22.0,19.278286864072303
21.0,18.704051434870124
21.0,9.279152843101976
21.0,6.765350841315
2.0,9.301075266444332
-27.0,13.05261050305314
21.0,13.235860009183943
21.0,12.644993090354555
13.0,-0.07534015636517744
13.0,6.146482098724616
22.0,19.121745756472443
10.0,6.784595751519957
14.0,16.61973217955077
20.0,12.739538912039498
20.0,19.197372767775235
-1.0,9.196313320917454
21.0,19.06378063134693
9.0,17.74900116569879
18.0,18.594357301274115
21.0,18.83796789512096
19.0,10.490331272782122
-12.0,-5.650112933957075
4.0,-5.650112933957075
-10.0,-7.505443839715536
9.0,18.292345822498596
9.0,14.717207272454942
9.0,14.717207272454942
15.0,10.666328814808086
-22.0,-3.3866944608265825
-14.0,3.184788310810106
-14.0,3.184788310810106
2.0,11.138234567478154
14.0,13.486248860621869
17.0,17.467888416078807
11.0,11.831764402384156
5.0,10.280744000462107
22.0,18.879317098733562
21.0,16.902051827537626
16.0,18.282027321962467
21.0,19.537197146427808
12.0,16.36339317833228
18.0,14.912569936526145
8.0,6.948988340131703
-15.0,-4.363311523178314
15.0,17.73094571919272
22.0,16.014523726765486
21.0,19.08236381182567
21.0,15.58589171044371
4.0,17.897055827048565
22.0,19.453596129958534
22.0,19.47564431562073
21.0,14.57909076555957
15.0,15.931858812617104
22.0,19.23981464645673
16.0,11.407428940011288
21.0,15.353202244819384
18.0,11.229579581329498
22.0,19.375293334751248
22.0,19.455015551876308
-6.0,4.716017298079979
21.0,16.064114549950016
22.0,19.390523611056793
22.0,19.3886198265186
21.0,18.458477199794757
21.0,18.982779711985323
22.0,18.995632289093972
22.0,19.60156879670943
22.0,19.465152372722862
22.0,19.49227537721785
22.0,19.42652184798048
21.0,17.301778308222968
21.0,18.30519097754916
22.0,18.03309694623496
22.0,19.283612443549714
22.0,19.15380982272186
-1.0,9.201876460790718
22.0,18.9701768144318
22.0,18.914731580038264
5.0,-4.468106648511149
-14.0,-5.730067872805542
21.0,16.443894821686335
16.0,16.77434152749743
5.0,13.679721971981367
19.0,18.814299384372642
21.0,18.811949271569866
-5.0,-1.3223344765139728
21.0,14.589060491584908
21.0,18.694263866612214
14.0,9.43998556086948
21.0,12.565995782869303
21.0,16.790281231673458
22.0,19.85502226362042
22.0,19.93327853791766
21.0,18.82214450849447
21.0,18.82214450849447
5.0,3.9936587511762003
8.0,14.289889938767741
17.0,11.368872814389942
17.0,11.368872814389942
22.0,18.483898322997725
21.0,16.372193831527188
1.0,6.765350841315
14.0,5.4948062560691024
-7.0,4.1901993927094345
21.0,17.4137220765606
17.0,18.741529299921076
18.0,13.610777918817025
21.0,15.353259784985921
-6.0,4.998060092900904
21.0,17.13622041624183
21.0,17.13622041624183
21.0,18.385193600508387
12.0,4.171133468638262
21.0,15.538471901986
17.0,12.50747983791262
-2.0,-5.513844621083855
21.0,18.92047896199904
21.0,18.389419888181546
21.0,19.013850599279923
21.0,18.535530636011014
21.0,18.68491810584234
21.0,17.457055148175165
21.0,16.938925675919698
17.0,15.767123952005418
14.0,6.765350841315
14.0,7.90831427410759
14.0,6.765350841315
14.0,6.765350841315
15.0,6.765350841315
13.0,12.632834257561438
21.0,18.411283236534135
22.0,19.47564431562073
22.0,19.149641456395923
22.0,19.069448285743945
14.0,7.164883238115697
4.0,-2.7306413886897154
1.0,7.422610449447804
21.0,16.699381401421956
3.0,-0.24111277385565266
20.0,15.726112041874295
22.0,14.294519373342094
21.0,18.883935756160856
22.0,19.312802060105632
3.0,0.6095171022984616
22.0,19.472095760826296
22.0,19.493355437686688
22.0,19.250580428557225
13.0,13.257274895512365
13.0,8.918711267878932
7.0,6.12253835121115
22.0,19.442577208167922
21.0,18.751433542304994
21.0,18.435132280508554
22.0,18.149279862258837
22.0,19.210150004091876
21.0,18.08783044473939
22.0,19.457854395711855
22.0,19.451821852561316
22.0,19.397734421719992
22.0,19.439847400888716
22.0,19.433193688635143
22.0,19.40099442601685
20.0,19.249584362257423
-28.0,11.42028098188507
2.0,-3.914665712761259
6.0,12.896062214938027
21.0,16.443894821686335
21.0,16.456931365351636
21.0,16.18395942484602
4.0,16.472332200693167
21.0,16.479554379295596
22.0,18.34792545842828
21.0,17.860944934036425
22.0,19.36958198113667
-3.0,0.594454032270157
18.0,9.279152843101976
21.0,14.90723476330654
8.0,15.105388138819254
22.0,19.5929755469624
22.0,19.516934798145822
17.0,16.465662237965443
22.0,19.389571718787696
22.0,19.306320762482965
-11.0,-2.926365393674299
13.0,5.4441927469108435
18.0,2.615711523265553
13.0,16.92371836334491
13.0,16.92371836334491
2.0,12.590090583733819
5.0,8.594199226089824
-3.0,14.695740295111468
-18.0,9.54178760863288
-2.0,9.601708766500646
13.0,17.363166826343605
-13.0,-2.3035860231266163
21.0,17.20624497670965
21.0,14.12818253812579
21.0,19.17132183362112
22.0,19.390523611056793
2.0,11.01891569422912
13.0,11.01891569422912
12.0,7.14265123491231
21.0,12.57100070816634
22.0,19.478838014935718
22.0,19.45856410667074
21.0,12.632834257561438
21.0,14.658171685623767
22.0,19.36958198113667
22.0,18.919548469358563
13.0,12.09186449292428
21.0,12.10744061015076
4.0,1.3995655348599474
21.0,16.840663309416993
22.0,18.89930269950896
-9.0,2.7732006203264614
6.0,7.518146420122192
15.0,12.858416881790426
17.0,18.33127950163032
14.0,12.157637092811367
19.0,14.163107378879486
19.0,19.387898359382362
22.0,19.424605237572628
22.0,19.335114684560843
22.0,19.332410572341686
22.0,19.25440355087079
21.0,18.18561669653781
21.0,18.217249483844864
21.0,17.086688720732475
21.0,14.344782621001567
3.0,0.1650947480631757
5.0,3.6292986662912785
21.0,18.734364218372566
-12.0,-1.2850190171630853
14.0,10.902318837390776
21.0,16.72721910022841
6.0,1.2113955169117467
22.0,18.672828742823555
15.0,11.200657153039742
22.0,19.348347571586203
-2.0,17.314095391594087
21.0,15.096142482906108
9.0,9.212120799352782
18.0,11.266144354608457
-7.0,-0.047409686689816155
16.0,11.307963137947933
22.0,18.856598962306034
21.0,18.93279441778406
21.0,18.719139857139194
21.0,18.557368876152022
22.0,18.798936345969317
21.0,18.846546430280526
22.0,19.28158407540561
22.0,19.333311943081405
22.0,19.33601605530056
21.0,17.479917986580414
21.0,17.479917986580414
15.0,11.509938585436656
20.0,14.181730192856655
22.0,18.905969276116895
22.0,18.905969276116895
22.0,19.46805024264841
22.0,19.4206030342176
22.0,19.224532294444344
21.0,14.258814175330413
14.0,9.607425579474386
22.0,18.938917549852746
21.0,16.207380691122825
21.0,17.430649594288305
6.0,9.35184907678507
6.0,9.35184907678507
21.0,19.07920972766415
21.0,16.350553810277503
21.0,16.350553810277503
21.0,18.96296794205774
21.0,15.99030183144969
11.0,17.206212902302205
21.0,17.706349172849038
22.0,18.468042057099773
21.0,17.015611686025416
21.0,13.515542443938589
18.0,14.212856845376558
6.0,-0.5788393041897635
21.0,15.376173839273958
13.0,9.525917953185544
20.0,19.501606262480273
22.0,19.34519880056943
21.0,18.87778034746291
22.0,18.674484651899796
22.0,19.328946437439892
22.0,19.368062291439074
21.0,17.834427684846432
20.0,13.001470281221017
22.0,18.859889265314663
22.0,19.31060884394179
22.0,19.177806923214135
22.0,19.103844723184853
22.0,17.96530746418003
5.0,15.991083732944151
22.0,19.24506026259842
22.0,19.17438920607581
22.0,18.763218634806368
20.0,13.114051519311253
-14.0,12.681763239911623
21.0,18.515627290213267
13.0,12.2409131721169
-10.0,3.8898242858629626
16.0,12.787666776866502
16.0,10.13749533278288
9.0,7.2439777411101876
4.0,16.563475496565523
12.0,17.479917986580414
22.0,18.698125642908888
22.0,19.198872334251746
22.0,19.198872334251746
22.0,18.662095304782106
22.0,19.056778513738436
20.0,15.89625097519237
20.0,15.89625097519237
22.0,19.45515128180653
2.0,19.169791046033474
22.0,19.46011242059187
8.0,6.538855395576861
22.0,18.617536580135152
6.0,12.597953787027503
22.0,11.161813905398144
22.0,18.339626121667976
21.0,17.919049086541172
20.0,18.32310661373369
20.0,18.652600957203425
11.0,18.440268425905654
20.0,18.761089191029193
19.0,12.011730340533475
2.0,-6.5259255325312076
22.0,18.815312513098135
-3.0,-5.879383519642097
18.0,16.811018283280426
22.0,17.619648830385298
21.0,18.132955632859456
21.0,14.339568823636252
21.0,14.47703861306444
18.0,9.468750663295253
21.0,18.81625156535969
-23.0,13.329609027139515
21.0,18.030780770848118
8.0,13.772899110400738
21.0,18.486597116456128
8.0,14.411494790629341
22.0,19.267194385946002
22.0,19.36432375493574
22.0,19.129133235454255
13.0,12.9398887625289
13.0,12.9398887625289
21.0,17.9883073677286
22.0,19.08565417971795
22.0,19.226242958457185
22.0,19.224025317567175
22.0,19.252804696486393
6.0,5.420939865999321
19.0,10.71774281333877
21.0,18.39248804857314
21.0,17.407846200735918
21.0,10.665693503735802
21.0,16.09767222298499
21.0,15.49395870293945
22.0,19.40088930977253
14.0,7.6282325791048216
13.0,9.514669477876993
13.0,9.514669477876993
22.0,19.02073902299803
14.0,9.419975598659128
14.0,9.411422527476773
17.0,9.484919470482895
17.0,9.484919470482895
21.0,16.418863288737565
6.0,14.218436851177492
22.0,19.303851667513825
17.0,10.645992064161565
21.0,17.297450068805745
10.0,15.59344601919966
19.0,14.761413653401611
14.0,11.414760812375047
-2.0,11.420311642297676
12.0,12.352996294528177
20.0,15.385529486603401
17.0,14.163107378879486
22.0,18.968637394026658
22.0,19.271990949099205
21.0,14.540002795569226
-12.0,1.6249162970758615
21.0,15.410061701441412
22.0,18.579527050524455
22.0,18.977697386287755
21.0,18.981779474333546
22.0,19.219400302405823
22.0,19.24800813333319
21.0,19.037460838079543
20.0,15.505983040202796
21.0,16.075183135520298
21.0,18.241843436428862
21.0,17.789872301064744
3.0,-6.010822315931318
22.0,19.607685509518568
22.0,19.607685509518568
22.0,19.505810080128903
3.0,10.178662808638371
22.0,19.21858372114764
21.0,16.992263451603353
4.0,14.163107378879486
21.0,18.684991759014945
4.0,13.698998056011817
21.0,13.813276434553659
21.0,17.574228075211906
21.0,19.150997834452742
21.0,17.613640133139775
22.0,18.942208694872328
21.0,17.80022923588451
19.0,18.00051886292523
21.0,17.255161058685786
9.0,1.036432573429778
20.0,15.432309725628588
13.0,9.584245110433118
21.0,12.883007915523045
5.0,9.563050687982916
6.0,10.013411866528658
9.0,5.378468157088836
22.0,19.02693813331563
21.0,15.67562057747494
22.0,19.104948931209844
17.0,14.09730487871873
