"tx_power","prediction(tx_power)"
5.0,1.8143786064662688
-5.0,0.3371342843043781
-10.0,0.3371342843043781
7.0,0.3371342843043781
-4.0,0.3371342843043781
-5.0,0.3371342843043781
-1.0,0.3371342843043781
-6.0,0.3371342843043781
3.0,0.3371342843043781
5.0,0.3371342843043781
8.0,0.3371342843043781
-8.0,0.3371342843043781
8.0,-0.6815178165168625
-3.0,0.3371342843043781
7.0,-0.6815178165168625
-5.0,-0.6815178165168625
-10.0,0.3371342843043781
-20.0,-8.275410094904245
-20.0,-8.275410094904245
-14.0,-8.275410094904245
-5.0,-8.275410094904245
-9.0,-8.275410094904245
-38.0,-8.275410094904245
7.0,9.674851311710722
1.0,8.481760712408185
5.0,8.481760712408185
5.0,8.481760712408185
9.0,9.674851311710722
7.0,8.481760712408185
18.0,8.481760712408185
9.0,8.481760712408185
5.0,8.481760712408185
7.0,8.481760712408185
6.0,8.481760712408185
-8.0,-6.004830048165992
19.0,9.000690335826299
19.0,18.606033797493296
6.0,-2.3336159646293027
1.0,11.577369467260127
-3.0,3.139018844922246
-16.0,-1.4086810343431537
13.0,14.879921991788915
21.0,12.932804178510676
22.0,19.886945686255746
15.0,3.091482657714179
20.0,8.91794761984398
-16.0,-7.4252422359280175
-9.0,12.971623151507064
-9.0,12.971623151507064
22.0,19.66303910432568
-18.0,12.931985446120917
21.0,14.877234177907425
6.0,-0.2704717130202212
2.0,-5.216900180716365
-4.0,-2.4637098252257807
22.0,20.044881549121854
20.0,19.72680685588955
21.0,17.72598478932415
22.0,20.00674169971243
-3.0,7.759559288858253
10.0,0.3371342843043781
8.0,12.106031850305353
12.0,18.037224276344134
21.0,18.606836749856985
22.0,19.73902276355162
12.0,1.6167335978373192
20.0,6.51243753525124
20.0,18.80934585258975
-8.0,-0.5357971660519159
2.0,15.526571051968386
6.0,9.229872549804167
7.0,4.943566114288796
-2.0,-3.1765972326829015
15.0,3.4672571493207425
22.0,19.977533812800424
17.0,16.266631259763432
22.0,20.203265316941454
17.0,18.046337042419488
10.0,3.703007573690112
-7.0,1.431128303782236
13.0,-1.9119464570124585
22.0,20.302965387779338
8.0,-4.634487135045955
13.0,10.312464382034896
9.0,-0.9139553815336381
21.0,7.49748113483803
21.0,19.134194311064583
17.0,7.5956436891493615
21.0,17.16481541895674
22.0,19.776635068499154
-1.0,11.122024570178407
5.0,1.0680450597781856
-3.0,3.8928413755279863
21.0,19.195699168759184
19.0,16.70129151272559
14.0,10.046909192797862
11.0,19.00487357455867
21.0,16.70587657300338
9.0,17.679397368711122
8.0,11.944113490553194
15.0,8.889262215634199
21.0,19.387368646319896
21.0,13.014020567102298
6.0,9.504399203089367
17.0,13.924825922054161
10.0,1.7924409828093975
16.0,18.71526318346275
22.0,19.966799197928033
21.0,19.279611100803464
22.0,20.342838675904144
22.0,20.516698919306336
21.0,17.132591104208803
15.0,19.284049308552866
-6.0,6.526985413741008
21.0,13.61408187683683
3.0,12.283042110645596
19.0,10.354878300301099
22.0,20.059736258561802
22.0,20.259858672838575
22.0,20.12115086523949
22.0,19.81018613643124
22.0,19.866066560002736
1.0,8.314499130139211
17.0,3.692451135255803
15.0,19.660169839443604
16.0,18.66702442380197
21.0,17.442100553193825
21.0,16.019055715144006
21.0,17.89111075542871
19.0,17.456329714658725
7.0,-1.1924053067992926
-5.0,0.03824016492609594
21.0,17.44589201014168
22.0,20.06138899252897
-2.0,6.627698672774416
22.0,17.094788511983094
21.0,12.202299270536027
-9.0,0.1297835291737517
21.0,19.114825169863803
5.0,11.649273447350684
18.0,18.715996048436732
5.0,16.10151058248391
21.0,19.709944047239272
21.0,16.05880866196868
-6.0,-6.9263403922211815
-20.0,-3.8890446353223
-7.0,-5.3955243891152165
15.0,16.16119740719219
-11.0,11.695643400928745
16.0,17.56138385345984
5.0,-0.3911281908471498
18.0,11.17020164641454
18.0,11.17020164641454
-13.0,-6.443566685736055
16.0,18.968812373788996
22.0,17.163480200441125
13.0,16.645621538193605
22.0,19.758146226461424
1.0,15.273919838778511
16.0,15.2533197605905
15.0,12.301369936873733
-14.0,-0.36849873636190367
-10.0,-6.986753818488243
10.0,16.629798925736157
8.0,10.29832323443921
8.0,7.328053388656922
9.0,18.486834878819536
22.0,20.208831719198756
22.0,20.607745650553674
22.0,20.256188957097205
22.0,20.17034296100862
13.0,13.815360228054695
-14.0,17.920511449054093
22.0,20.43021165574107
22.0,20.085385772617883
10.0,6.7498822995505146
22.0,20.207883285009586
22.0,19.906011468848316
21.0,16.736311677056406
19.0,17.860074890631562
17.0,9.031790765950717
17.0,16.693610600548205
22.0,19.82072955172052
19.0,19.54745202677923
22.0,19.75406426705629
19.0,19.539771467406926
22.0,19.509958950542213
21.0,18.158167793403145
13.0,12.947869423116632
22.0,20.09860764435524
21.0,19.278210088107436
22.0,19.435021273755726
18.0,11.818730309400854
1.0,12.975618247469612
19.0,11.751386860056481
17.0,18.938775360013803
16.0,18.214103771463094
21.0,18.71526318346275
22.0,20.06083808120658
-5.0,-2.9571025322116498
-2.0,10.860430101727
9.0,5.269163305396038
9.0,3.929434665414229
4.0,-5.171433188397501
7.0,6.4697113488655855
7.0,6.4697113488655855
4.0,-0.22388823902711863
18.0,10.023388292745441
11.0,13.66255019842388
-3.0,-3.210522700194435
-2.0,11.418271415073797
21.0,17.876728281498323
8.0,11.745614564398393
19.0,19.42922504581108
9.0,1.7424547556502734
22.0,17.90927809091972
-10.0,-4.972532048449629
22.0,19.766257091553488
22.0,19.753660546269185
22.0,19.903087461371396
13.0,14.656554706064258
-3.0,10.156949874473593
22.0,19.614571744175155
20.0,19.852368909867742
7.0,-3.6490039858819365
-6.0,-5.461595991867284
21.0,20.045412564179664
21.0,19.27921081146174
21.0,19.27921081146174
22.0,18.738874685473
22.0,19.436428153890585
-1.0,-0.4181564806401763
-2.0,10.787411674850716
14.0,11.39106691265139
10.0,10.487079046198872
-2.0,13.944532169897746
18.0,17.456352566879616
21.0,17.119058067764282
-38.0,-4.209263946613213
22.0,19.72300475852211
-2.0,13.932215764995506
21.0,17.17232602310707
21.0,19.824992229307448
22.0,19.905632807405823
22.0,19.916967719800972
4.0,9.908937263603331
21.0,12.39625580806134
17.0,11.573947559867573
21.0,19.17668881003084
8.0,1.983942367226959
13.0,5.350711900294181
-15.0,-6.512831249587606
13.0,3.9172478397624335
22.0,19.96214777779106
21.0,19.968147383354093
22.0,20.297728386786694
21.0,17.346940365288518
3.0,11.573947559867573
22.0,20.21525372174615
21.0,17.861588835255812
-6.0,-6.699766119799275
21.0,19.668737975832624
21.0,18.452606336508033
14.0,17.83055297045867
22.0,20.148733935161392
22.0,19.923916294064316
22.0,20.37935410706619
22.0,20.207719490012
22.0,20.207903129163984
22.0,20.252892771375514
21.0,19.42961357974516
21.0,19.555868179344465
22.0,20.08143315101569
22.0,19.846475642759124
22.0,19.866066560002736
22.0,20.255577337806976
22.0,20.472408854311045
21.0,16.723353252127513
21.0,19.668426390436565
13.0,16.152696889922282
8.0,-0.3633294151933164
3.0,15.501803184937248
2.0,1.160873213022489
21.0,17.8955513358845
21.0,17.15093814722162
14.0,9.770133672311875
21.0,19.643237400652808
21.0,13.014646894314609
15.0,11.35708221270158
-2.0,-5.858296054433719
-18.0,-5.404990597558022
22.0,20.819054030932513
22.0,20.600103198306282
22.0,20.731516743126107
22.0,20.818846388254183
21.0,19.41694539151039
22.0,12.994445896451273
22.0,20.017722560260083
22.0,19.547193846679203
11.0,-3.7369012511817274
1.0,8.889262215634199
13.0,7.5851366227345425
16.0,7.5851366227345425
14.0,7.5851366227345425
15.0,7.5851366227345425
16.0,20.015185422003555
15.0,18.181475097167052
-3.0,8.120018913641907
-8.0,0.8542910098258343
8.0,12.958925455764348
21.0,19.154419532663347
-12.0,4.433400898408204
10.0,10.074364820888666
8.0,17.597718524441866
11.0,3.211354239814927
-2.0,-3.612404909296213
21.0,19.421272927680057
21.0,19.838141670574156
21.0,19.279811245474328
12.0,16.025416186635955
-4.0,11.705757425143842
21.0,19.838241434572723
21.0,14.656554706064258
22.0,20.29834743102871
15.0,19.298560823152624
18.0,19.445202817225628
22.0,19.544654605139172
12.0,8.889262215634199
17.0,17.132591104208803
21.0,13.61408187683683
14.0,7.5851366227345425
14.0,8.889262215634199
15.0,10.046909192797862
12.0,10.046909192797862
12.0,10.046909192797862
-5.0,8.889262215634199
13.0,14.378671752980534
22.0,20.011669118061953
21.0,19.55695562081133
22.0,20.302796555862244
21.0,17.52656312710207
21.0,13.002190442413399
22.0,20.026728403024812
21.0,19.17342989139169
16.0,18.48637123447119
14.0,19.537587124583983
13.0,18.74814771624711
21.0,19.72413389493743
17.0,10.031337093603437
17.0,10.031337093603437
15.0,11.719445998254994
7.0,3.89604449857082
18.0,17.818064239157536
13.0,18.486834878819536
3.0,16.09726168193753
21.0,19.837801297374703
22.0,19.55648295220783
21.0,16.157543882183813
-5.0,6.567780345641615
10.0,15.485441458273076
21.0,18.162689491972444
17.0,20.1743184863951
22.0,20.069136907032064
21.0,18.719547554711227
7.0,2.7747531406085173
5.0,-1.8194498912544788
-12.0,-0.41933119522292195
2.0,11.46802460073512
-1.0,8.58544199225826
22.0,19.837244429078957
21.0,18.17617629098217
21.0,17.881270115371077
22.0,19.54442376499917
21.0,16.728847828938463
22.0,19.797968347773455
22.0,20.2584500398009
22.0,20.042658007567717
19.0,20.25445897969916
22.0,20.20509157748935
20.0,20.05643079062746
12.0,18.691178882953512
16.0,11.703019710521612
8.0,17.916088376693928
21.0,19.14199995322816
14.0,13.940016154766925
21.0,16.584717827856945
15.0,11.867359936183602
5.0,2.591256840187903
21.0,19.29340301239285
21.0,19.29340301239285
13.0,17.17593547428464
-1.0,-4.769982788752319
21.0,16.16057590438151
22.0,18.203427294218688
12.0,8.39598157487949
17.0,9.180013174777516
13.0,16.655859699195485
5.0,-4.900269805864493
21.0,18.745059367316767
14.0,17.694339179804825
21.0,18.935334745655343
9.0,18.503147555203014
-2.0,6.486976202123554
21.0,15.452471244720646
22.0,20.261606293634784
22.0,20.343823012848976
22.0,20.46808648519888
21.0,17.8403936105163
19.0,20.044310741534886
22.0,20.04926894343639
22.0,19.920841910876113
22.0,20.081529393361155
22.0,20.42595760475967
4.0,2.637409382047112
-8.0,0.5214131790215344
19.0,13.015710863300853
19.0,19.785168380208873
22.0,19.91583862250264
18.0,11.39106691265139
13.0,17.916847814040977
21.0,20.207686731012483
21.0,19.668997630329336
21.0,19.51205407806865
21.0,19.250912543304892
21.0,18.69375934372236
17.0,19.837861799233345
22.0,19.96574205698781
22.0,19.96510777242368
14.0,17.479307303399136
22.0,19.897239446417554
21.0,19.823554485816068
21.0,19.660230427351838
21.0,19.424601801656728
21.0,19.424601801656728
16.0,8.143418085537597
20.0,8.445409034316086
22.0,20.298042873182062
22.0,20.117723696837114
22.0,19.661211671173916
-13.0,-0.41933119522292195
3.0,-5.307994285544176
12.0,0.41836335667370506
-12.0,-3.9454171040525985
8.0,4.273860747965886
-18.0,-2.820094850509797
22.0,19.848104158560506
22.0,19.926326182566285
-11.0,6.229614243035295
21.0,16.862092164125375
22.0,20.082891299513502
9.0,17.260163741568256
19.0,16.504556479445032
22.0,20.370645925998495
21.0,19.963753860409774
21.0,18.800491917596208
9.0,11.213807594468504
21.0,15.97216962349136
-6.0,14.504506310040972
21.0,17.996658209735195
15.0,15.402055844357719
22.0,19.88664890986167
4.0,14.312999518339998
21.0,15.870340672394459
22.0,19.662417710756323
21.0,19.456982447402062
21.0,19.087641730734102
1.0,5.861459871593487
16.0,11.874385850303337
22.0,19.714660124262807
12.0,12.381930705438565
22.0,20.37055176155628
22.0,20.24166363606957
21.0,18.361119042160897
21.0,19.011295028655532
22.0,20.324115032637526
11.0,11.60830636700382
21.0,19.700637420129766
22.0,20.140490833274846
21.0,20.082897068751414
10.0,10.952523928878906
-4.0,11.219605942652755
21.0,17.664294246255132
13.0,15.081675798788293
-2.0,12.33471820843191
19.0,19.447513644731117
18.0,8.143390633331887
21.0,14.391353911127798
-13.0,-1.8544219649051055
21.0,19.95675433091906
22.0,19.957255928237473
22.0,19.877893090736656
18.0,14.374135067814926
21.0,13.446004110139153
22.0,19.690663629404813
22.0,20.140595605446812
22.0,20.140386061102884
21.0,19.477114611786796
16.0,13.33361680447334
21.0,18.559777910090695
18.0,19.19623169790159
22.0,20.022706191543485
17.0,11.901340054007902
14.0,18.588604681984354
15.0,18.468699475847675
21.0,17.737373180941848
21.0,18.13632106008039
21.0,18.629010486999565
11.0,12.3362395583945
16.0,14.874631194830272
11.0,20.247648684579342
22.0,20.285268654041175
21.0,19.803474263271777
-3.0,12.349636111484893
10.0,12.349636111484893
13.0,16.140303438738794
9.0,4.8917667603521195
22.0,19.601344447961957
21.0,19.939038789901918
20.0,13.261799502453915
21.0,18.48606600719248
22.0,19.80615111139729
7.0,14.34215721594816
11.0,7.355179773770549
-2.0,-2.4221018560684726
4.0,-5.275913215550279
-2.0,9.336039058053423
10.0,15.885991014160837
21.0,17.252927617729753
21.0,17.252927617729753
18.0,19.880961643366327
-9.0,7.304807449417379
18.0,12.316633102001832
21.0,19.8264642960062
22.0,19.922495965513814
12.0,10.42143190652387
16.0,13.230478907727727
18.0,19.476126794194453
-16.0,12.85482436062442
19.0,15.85421756486323
-10.0,10.25751677425039
-17.0,-3.064028505533461
21.0,19.462034174961826
21.0,17.270788839529658
21.0,17.270788839529658
21.0,19.607879267788967
21.0,19.296114788600818
22.0,19.963764543469804
22.0,20.370624214872592
19.0,14.19342638890912
-4.0,11.621348692384425
22.0,20.491498299231985
22.0,20.230200878963842
12.0,17.147661389118056
22.0,20.02245458206094
22.0,20.140661088054287
22.0,20.32892050310737
22.0,20.248811331725598
22.0,20.09038709853686
22.0,19.884791022342526
22.0,20.054960928016783
10.0,15.946419002369765
16.0,20.137144514596258
21.0,19.936055461312947
22.0,19.834900062651872
22.0,19.83536871635441
21.0,18.66273099720437
22.0,19.859860567853996
22.0,19.007833202163283
21.0,19.007833202163283
18.0,13.242270376404424
17.0,13.240305131624975
15.0,12.011517032399615
-6.0,7.27524721853998
9.0,11.46281262520109
12.0,6.019582040357082
-10.0,9.443677679959105
5.0,8.422588582464538
21.0,16.96589974864994
7.0,6.001318257013424
-3.0,-0.830046387785444
21.0,19.007833202163283
22.0,20.14054321936083
22.0,20.19821556301323
22.0,19.913105911227007
22.0,19.913105911227007
21.0,18.498940784794886
14.0,13.362981342988174
3.0,8.665891650932675
21.0,16.240312070704007
22.0,20.141306217054126
21.0,15.402055844357719
20.0,20.24474379355901
16.0,14.953532386330549
-1.0,8.008033985991492
7.0,3.400425622237007
14.0,17.844268620576344
22.0,20.574498583245695
22.0,20.574498583245695
22.0,20.81741695304242
18.0,18.89395372844963
21.0,18.893597038855155
12.0,6.985896196038542
21.0,17.703417149080323
21.0,16.512897872581753
21.0,18.306411316694373
22.0,19.687682599815037
22.0,19.71627987933626
21.0,19.342731850941156
21.0,19.212588524019488
4.0,1.15576413962658
21.0,19.474997859803203
21.0,19.34869668305734
7.0,17.739587704758904
4.0,6.0533739274245795
22.0,20.287691963605802
22.0,20.025342593792473
21.0,17.431225755951324
21.0,19.188524660412916
