"tx_power","prediction(tx_power)"
6.0,1.47361515722306
-11.0,0.21857245537980852
8.0,0.21857245537980852
7.0,0.21857245537980852
-8.0,0.21857245537980852
-9.0,0.21857245537980852
8.0,0.21857245537980852
-4.0,0.21857245537980852
7.0,0.21857245537980852
4.0,0.21857245537980852
-3.0,0.21857245537980852
-9.0,0.21857245537980852
8.0,-0.8732602740997937
-7.0,-0.8732602740997937
-8.0,0.21857245537980852
6.0,-0.8732602740997937
6.0,-0.8732602740997937
-3.0,0.21857245537980852
3.0,-0.8732602740997937
-14.0,-9.394034030622281
-14.0,-9.394034030622281
-1.0,-9.612455316885013
1.0,-9.612455316885013
-3.0,-9.394034030622281
7.0,7.496791071130155
19.0,8.81168904732273
7.0,5.914855604352096
22.0,18.087522333914922
21.0,12.822276009067588
16.0,9.603780870548691
20.0,19.158810891351642
21.0,18.339807989761763
19.0,17.624676836643022
1.0,3.343466831529472
22.0,19.030827360378815
-6.0,-2.6730971337060563
8.0,10.874218196503513
22.0,19.37154005935999
21.0,17.761335453514715
17.0,19.36685577854301
19.0,19.293836993430546
22.0,19.294136288487948
22.0,19.375053269972724
20.0,8.714785864480646
7.0,-3.054163264074708
-24.0,-7.432297785532585
22.0,19.2141012875813
-1.0,3.0521532767325272
9.0,10.248999196561316
21.0,15.833682109400034
22.0,18.564910898615068
-4.0,0.5425588297196722
7.0,12.710890876165646
22.0,19.328175389509216
22.0,19.51579081858648
22.0,19.101145482981057
10.0,0.21857245537980852
22.0,19.207561560505937
22.0,19.288329814271812
22.0,19.331574644541405
1.0,2.452235254820499
6.0,-0.3975841008502634
10.0,11.586314640113688
17.0,6.702001707672571
14.0,3.2878304813002472
22.0,18.885646592124303
18.0,8.715958437568975
8.0,15.191209284180196
18.0,19.12765229178883
12.0,2.452235254820499
22.0,19.328175389509216
21.0,19.039871723248574
22.0,19.33029474109406
22.0,19.470126367153572
21.0,10.938345616092697
-1.0,5.412160504614739
-9.0,5.192738227860287
5.0,-3.580891781928516
6.0,1.1529112149313683
5.0,3.118101890298382
-2.0,9.816848400758277
12.0,16.95966435797593
22.0,10.499537251352006
-14.0,8.999318318498922
9.0,13.641490596376343
21.0,18.844498914945554
21.0,19.074026717656952
21.0,10.818046903851604
8.0,-5.2014571477555105
3.0,12.81911243944148
3.0,-3.1202322163969587
-8.0,2.8663886350623713
21.0,16.468853090720845
21.0,18.53265594212874
7.0,13.589696236827574
14.0,8.81147458254495
22.0,19.307166551850706
22.0,19.307166551850706
16.0,14.94146853665854
8.0,4.555015015308905
-25.0,-1.613543887586074
22.0,19.33898991516258
22.0,19.33898991516258
21.0,18.33453756112264
19.0,17.44424922727053
14.0,7.0775681426091195
20.0,10.100657469019751
14.0,11.814453408669092
-1.0,3.30789489389303
22.0,19.33405087827032
22.0,19.307733367231478
18.0,19.509450229465955
22.0,19.33207485377834
21.0,18.989733051166752
22.0,19.474829226194586
22.0,19.593646875550114
21.0,18.834129162192006
22.0,19.075425711495654
7.0,11.859426683451224
21.0,18.32711246848642
14.0,14.884398829686956
22.0,19.16043322371001
22.0,19.279451258762784
11.0,10.25555260521896
18.0,14.39865072181914
10.0,16.27054399773916
18.0,12.850421515641003
21.0,18.76125940218995
12.0,14.885905028511782
22.0,19.11232270260159
22.0,13.494767970787892
22.0,19.359750927108138
21.0,15.4887279693029
14.0,9.583898080368566
14.0,9.583898080368566
13.0,15.064934072215241
21.0,19.061495899271986
22.0,19.45658025918494
22.0,19.438869069512002
3.0,11.584231455431453
10.0,3.0420168846266424
-9.0,0.07482308052745523
14.0,6.113147211478419
17.0,18.96192366861632
-2.0,8.108918015576094
5.0,0.4236181777545234
21.0,15.47813928926273
9.0,13.843417125363931
21.0,16.500118409452078
5.0,11.859426683451224
22.0,10.250765980566243
9.0,0.5816452873230897
21.0,18.322277524444225
-1.0,-4.986650612125837
10.0,16.94109392687311
22.0,17.6191542750276
21.0,18.34185514118795
21.0,18.34185514118795
21.0,18.094514411192588
12.0,16.468102524211705
21.0,17.300482157419175
1.0,1.0381851622940896
11.0,8.711638194582882
15.0,9.61928851694761
12.0,6.651738093568582
-3.0,12.088458419732772
8.0,7.980418528739802
22.0,19.49226029081247
22.0,19.439515681866812
19.0,19.247795335475928
22.0,19.24748322567041
21.0,18.69674579750294
21.0,17.756579256940167
5.0,17.30236681624082
22.0,19.492057245646595
8.0,12.19799887678947
6.0,2.97934922380864
22.0,19.310839889665182
21.0,18.67178603896798
21.0,17.63379474887011
22.0,17.557964442362255
21.0,17.89298525182607
22.0,11.810942771326872
2.0,-4.636928497734592
21.0,17.756579256940167
22.0,19.29304529937863
21.0,19.292478881019637
21.0,19.292478881019637
21.0,18.714302389526864
19.0,17.296424021656012
21.0,18.12602778029642
-9.0,-2.726654336101449
6.0,10.25933151941847
21.0,16.841286718634777
22.0,19.378452826031154
13.0,18.319687375850194
-17.0,1.68962665972637
18.0,10.70847821958542
2.0,13.05101114318449
21.0,17.303116217957665
1.0,9.562025544810874
19.0,10.760962297051572
17.0,18.10445048463426
22.0,19.21786840163359
-2.0,9.472788349316989
8.0,-6.877562384791828
9.0,5.230647243125929
4.0,10.762641247884375
4.0,10.762641247884375
18.0,13.21902388010696
-7.0,-5.2320439145228494
-14.0,-5.7346154811967285
-4.0,8.719200905384078
21.0,5.6066448845481
6.0,8.482943921036327
14.0,16.939310934858142
13.0,0.9700892406644535
4.0,12.817485667689237
15.0,19.16804423980503
21.0,19.22244248386491
7.0,-0.9108204948923433
10.0,3.4631319685829
-21.0,-4.70402463504127
15.0,8.940235481959297
22.0,19.337344252423623
22.0,18.53406088420145
22.0,19.329659712732585
21.0,18.704633157683112
2.0,11.555204624970596
22.0,19.311616520273606
21.0,18.316751874110288
-1.0,1.4980413719161731
-15.0,13.535171533599666
19.0,10.67907082001227
20.0,14.053413347650928
13.0,18.086308592584484
15.0,10.79018377861331
22.0,19.440155888641236
22.0,19.14718385641544
21.0,18.84023350674706
21.0,14.076710379109256
-7.0,6.589863064159164
1.0,-3.5053291582185775
9.0,1.9550174061980776
11.0,11.924158766069539
22.0,18.882868485238493
22.0,18.882868485238493
18.0,19.208370316644526
18.0,17.304157053675503
22.0,19.104778247974348
7.0,1.786624049060892
19.0,17.86052676083997
17.0,13.446039874975977
8.0,6.7785015185890325
21.0,13.751824215587462
-15.0,-5.5712031028002205
21.0,18.33540094398732
15.0,7.539733616751811
22.0,18.65624298302997
12.0,8.71844463430396
17.0,10.351127129159332
10.0,6.833273509510871
21.0,17.620757383502223
14.0,15.395887910397759
22.0,18.948205390718414
18.0,17.305364423108202
22.0,19.078621724847412
22.0,17.87195223627696
22.0,19.456300486841815
22.0,19.418730518871456
21.0,17.295390550344464
21.0,15.170905470035848
7.0,0.07470654073217808
-4.0,-3.3710824091167293
21.0,17.875429554888218
22.0,19.740520825118665
22.0,19.35407961573674
21.0,19.28738116615087
21.0,18.664248074838532
22.0,19.456521076573893
21.0,19.116319179996626
22.0,16.495570504026425
22.0,16.495570504026425
22.0,19.20189966210384
22.0,19.20189966210384
21.0,19.41916059026471
13.0,-2.260999606183068
21.0,17.880893912705908
5.0,-0.7495537216859525
5.0,12.415084536216215
19.0,13.203565678918022
14.0,16.27054399773916
22.0,19.438597181452508
22.0,19.4385354947952
22.0,19.31348191747542
3.0,14.900291129029956
19.0,14.925508818029682
21.0,18.117919257323226
21.0,16.49696985954201
21.0,18.654077636565336
19.0,11.952540810560725
22.0,19.315778607019
21.0,16.927636650696563
21.0,16.467602146538944
12.0,6.991577346730099
5.0,-1.2798459828462896
21.0,19.03934762630537
3.0,-4.74146503582689
21.0,18.120061424067572
22.0,19.921416851036
5.0,3.5300877702056983
14.0,9.681228613309836
21.0,18.849509673992355
2.0,11.087619407733504
9.0,11.952540810560725
22.0,11.988157900941427
6.0,10.714359699500049
21.0,18.1022056891861
7.0,11.911267183728123
2.0,5.6066448845481
11.0,7.058145206211824
15.0,5.6066448845481
14.0,5.6066448845481
14.0,5.6066448845481
-7.0,4.044252694643069
21.0,15.962994502115182
18.0,12.43799871597133
-15.0,1.421924817692208
-6.0,0.8935037220593252
-3.0,9.615472127907708
3.0,10.801012858969973
-6.0,4.543123527823283
16.0,14.356248422884736
17.0,12.762102687011271
7.0,10.499677084336597
8.0,3.031370391964714
3.0,-5.356345109449441
21.0,19.234740447034454
4.0,14.187917313621607
21.0,19.269201370782675
21.0,18.8399053984241
6.0,8.36754490847493
17.0,10.201696235883151
22.0,19.39961906522408
-19.0,-7.152529913958132
14.0,7.210138076316947
9.0,7.058145206211824
-3.0,-6.0493549169926
16.0,18.532334118472093
9.0,13.838596445902013
20.0,18.996592647073758
21.0,12.415084536216215
13.0,11.691070083701627
14.0,7.058145206211824
14.0,7.058145206211824
9.0,7.058145206211824
16.0,8.36754490847493
14.0,7.058145206211824
22.0,18.84704168579638
22.0,18.84704168579638
22.0,19.474054718413694
22.0,19.41916059026471
22.0,18.984971071871477
19.0,8.669695918473135
21.0,15.411038425680026
12.0,3.9833218608176235
13.0,-0.41424817942598047
15.0,10.781951822918266
10.0,0.5116697196584656
10.0,0.5116697196584656
13.0,18.038411989657085
19.0,14.830106687100617
21.0,18.038411989657085
22.0,19.33756381070051
21.0,18.852964857466716
22.0,19.474119281262105
11.0,13.925368676216562
21.0,18.108076692665904
5.0,10.72738328039554
22.0,19.209494263458602
21.0,14.447446150953084
16.0,9.545497106580108
21.0,16.27054399773916
22.0,19.064873688935947
22.0,18.997611321598242
22.0,19.456311247316552
22.0,19.456607160371775
20.0,19.42512178803299
20.0,19.42512178803299
10.0,-0.1601211187170435
-7.0,1.7528855947385313
21.0,17.63308698058198
11.0,6.176460762278439
9.0,11.356683140306155
18.0,12.802504462675698
21.0,16.927227023144415
21.0,18.118795984495144
21.0,19.204739912189357
-2.0,11.149316706013572
21.0,15.477021128467646
-21.0,-7.164702040505899
16.0,19.249559877928597
21.0,18.113775019572774
21.0,16.27054399773916
21.0,16.27054399773916
10.0,12.995006897543668
18.0,9.577520995437563
-3.0,5.686130677020886
22.0,19.399236779541184
21.0,19.14667431683538
22.0,19.35210359124476
22.0,19.39880670814793
4.0,2.3563186915314613
15.0,10.877579446454112
4.0,-3.135725212626051
19.0,12.777486576168219
21.0,18.82364545265479
21.0,17.300554589405028
21.0,18.11931967277555
22.0,19.334258466469755
21.0,19.21690057568955
19.0,17.11293256688684
21.0,18.862836810250602
-4.0,10.416713260947816
14.0,6.911519210827784
21.0,18.34657941860252
-6.0,7.485326845256366
1.0,-4.863686253497564
12.0,16.919752638142228
16.0,15.98972879774174
20.0,16.92051322581763
20.0,16.92051322581763
15.0,6.939075358902015
22.0,19.3987478144842
22.0,19.323240495583505
21.0,18.52407101490682
19.0,19.307215613492524
3.0,12.498696918439935
-14.0,-5.527546967211455
18.0,17.85406888341906
21.0,15.491196583259798
22.0,19.363367636822804
2.0,1.633359221866911
11.0,-2.071706158954914
11.0,2.5322926773368746
21.0,18.877419521676103
1.0,13.13011498161664
5.0,15.799281832362508
19.0,15.252635683264462
22.0,19.293196207604122
18.0,8.52946393226011
21.0,18.779779844786702
22.0,19.23282740122629
21.0,18.745024787475955
-3.0,11.479548414939025
14.0,15.252635683264462
8.0,16.052937741282822
21.0,16.53182057081198
21.0,18.917399162444458
21.0,17.854723801753565
1.0,-4.086646340704538
21.0,19.150853647067084
-17.0,2.2763331915957092
21.0,18.5897329865288
22.0,19.309477855657892
15.0,12.334513894485566
6.0,12.772009018953487
-25.0,-1.9761769494429036
3.0,5.880520196054757
20.0,19.21566780792238
14.0,10.963042216850976
22.0,19.309075266399255
22.0,19.344396242271284
21.0,17.742164505596946
3.0,8.249208410866625
1.0,1.0399454115233286
21.0,16.482397054795488
21.0,18.450844234058195
22.0,19.195556083154777
22.0,19.408360398926085
22.0,19.478506433956717
19.0,19.158464097663288
21.0,19.14607734027154
21.0,18.081362268580286
-19.0,4.90867868174422
-2.0,2.5582598298296215
7.0,10.207159490423233
21.0,18.13647330961475
21.0,18.51891542565317
21.0,15.133219307733254
21.0,16.085691099197486
21.0,18.697161540431114
5.0,7.5027515323858065
11.0,13.508163703971785
22.0,19.478041509165664
22.0,19.32680145193963
21.0,13.791492571547037
22.0,19.515877422938168
22.0,19.548884931382872
22.0,19.443898341232455
21.0,14.359456834847043
22.0,19.616329985261196
22.0,19.47504608177308
22.0,19.285995380778537
22.0,19.35278047649662
8.0,9.005852262816456
9.0,9.78651464494898
8.0,9.78651464494898
21.0,17.831920482710295
22.0,19.185608657115367
21.0,18.991758854592938
21.0,19.07730786165194
2.0,15.633502569499484
15.0,12.220542493341972
-2.0,-3.445388506476297
6.0,11.359866199000992
21.0,17.948264603976362
21.0,19.336703358324527
21.0,16.909150369678553
21.0,19.079186577877646
-10.0,7.95412919784949
22.0,19.11588791946668
21.0,19.253791637741624
21.0,19.224442657780237
18.0,19.064514889754633
16.0,18.87504641504088
10.0,16.793945043975093
-17.0,-2.25769389287475
18.0,14.304731414060747
18.0,14.304731414060747
20.0,18.602972256830476
11.0,4.506441436475985
20.0,12.584101579697986
9.0,11.56222897196676
22.0,18.916014577971538
7.0,13.832916579677013
7.0,4.764811924384274
21.0,15.607305940843549
-14.0,3.8678767153437708
22.0,19.062557705360526
21.0,18.284324946784974
21.0,14.390135056431781
-8.0,-6.3959071474449285
21.0,17.923385274778013
21.0,15.570160787914388
8.0,1.3456922578318977
17.0,13.910358450089957
5.0,13.910358450089957
9.0,16.247829240232765
22.0,19.41923031112801
22.0,19.400340446280396
22.0,19.414572403225048
21.0,18.208624213359396
22.0,19.253791637741624
21.0,17.663980885418308
13.0,12.438415233996084
22.0,18.460245414346517
19.0,10.691765854796788
21.0,18.74030511601403
21.0,18.46353903174292
21.0,16.046708601093943
22.0,19.30103240207557
22.0,19.179691331596977
3.0,17.338680848932782
-7.0,9.372407618136203
21.0,18.71007136899691
16.0,10.59356198545852
11.0,5.545843202062928
21.0,18.49241712000813
22.0,18.982863145305814
21.0,17.219561726447026
-5.0,10.222154011362408
13.0,18.254586259727567
21.0,15.252635683264462
17.0,13.502361051775939
22.0,19.340669915948915
22.0,19.306280521657477
14.0,12.989440245308632
15.0,12.130297389932608
22.0,19.44430388961352
21.0,18.875909362908235
20.0,19.286715463461096
22.0,19.382977753675387
22.0,19.306746312447775
22.0,19.22982720489702
21.0,18.71716658518759
21.0,16.98283708709215
21.0,15.862275909652652
11.0,16.58477676046389
16.0,10.539875175267726
12.0,8.329209539859118
4.0,13.593995407610237
-3.0,-1.1314886402124174
21.0,18.919476039153842
15.0,11.35179142050279
13.0,18.78257699008617
14.0,17.355800655081993
10.0,8.238774492482719
22.0,19.360698919931657
22.0,19.67858770277992
22.0,19.501982823419773
22.0,19.326081369257075
21.0,16.522766319229845
20.0,19.342326677327076
10.0,9.35972263538915
-1.0,17.487790727442633
21.0,18.11258455820026
21.0,18.32570547148767
21.0,18.477701586547443
12.0,12.961022833538625
21.0,16.58477676046389
22.0,19.13396138766081
22.0,19.47873889635224
21.0,16.580713103487835
19.0,19.19091856203363
22.0,19.37328738141077
20.0,19.068926624394464
