"tx_power","prediction(tx_power)"
4.0,1.4940778069869616
-6.0,1.4940778069869616
-8.0,1.4940778069869616
10.0,1.4940778069869616
8.0,1.4940778069869616
-10.0,1.4940778069869616
8.0,1.4940778069869616
7.0,1.4940778069869616
-10.0,1.4940778069869616
-9.0,0.31166821726693783
8.0,0.31166821726693783
9.0,0.31166821726693783
-15.0,0.31166821726693783
-8.0,1.4940778069869616
7.0,1.4940778069869616
-4.0,0.31166821726693783
-11.0,1.4940778069869616
1.0,-9.026217171938839
-2.0,-8.90481476006509
5.0,10.90360970159828
21.0,8.349035059415897
17.0,8.37143580074546
5.0,7.294445278990991
18.0,7.294445278990991
7.0,10.148232863652106
21.0,7.512731618051075
-14.0,-3.987587739643466
20.0,10.94157125262119
-13.0,-7.326720211521533
21.0,12.147831389195648
-1.0,4.892313328997199
19.0,8.474889501307116
22.0,19.758241998246884
18.0,15.198539312333512
6.0,0.09490486954608279
-7.0,3.1478142755793606
-4.0,-0.13298316247881203
-3.0,10.214157498892153
13.0,14.056753211887417
21.0,13.342883195292124
21.0,15.238240010529136
10.0,3.74164152799068
-11.0,-6.658411591052598
14.0,2.7817364532191284
15.0,16.839214707900766
22.0,15.760044658487661
21.0,19.701660099078303
12.0,4.822920754131742
22.0,19.780711194113007
21.0,18.86122202142515
21.0,18.626323525362203
1.0,2.118748386968715
21.0,14.612276128145018
22.0,19.539670499861145
22.0,19.68997422812213
12.0,12.518572541875884
-5.0,3.786810783442405
21.0,19.21617954533686
5.0,7.157281352342276
17.0,17.90954447023124
21.0,13.262072842815154
21.0,18.61564262838098
20.0,19.65595498407573
1.0,10.095601590782358
21.0,13.086765340548988
21.0,18.57414966783384
7.0,13.17613415273783
8.0,19.58867319003599
22.0,18.692234264767375
21.0,17.962127958007265
2.0,6.8531974752364135
10.0,5.2798402867867775
3.0,10.955423836509413
11.0,12.119480710641291
21.0,15.246292104573989
5.0,9.84669562534214
18.0,12.547941697757976
21.0,17.128321993799958
21.0,14.56151521700494
21.0,16.379604610909723
21.0,16.379604610909723
18.0,11.166278436233958
21.0,16.4384785549501
21.0,17.145198899661114
21.0,16.454081605077054
16.0,17.724746178331873
12.0,11.73483455033287
7.0,9.420574548308004
21.0,19.199959238469212
10.0,2.1154183153436517
22.0,19.525179291252336
22.0,19.19220867706757
-6.0,6.646474513537144
21.0,18.933608221644292
21.0,12.306815264314565
3.0,2.645916102663085
22.0,19.53746426984402
22.0,19.264758967655382
21.0,17.096272521347895
17.0,4.645774045952512
-7.0,8.29404705298245
21.0,12.71511359237179
4.0,15.334315269679603
14.0,18.1916591260273
22.0,19.407321736829783
11.0,6.199808327164896
21.0,19.27924367272007
22.0,13.217658500591789
21.0,16.39239288008536
21.0,18.470002532438357
20.0,13.610439482270495
21.0,7.719180364834722
21.0,19.285388130148238
21.0,14.350840079412807
22.0,19.556386371130714
22.0,19.570721280936404
22.0,19.35503063510885
22.0,19.35503063510885
-4.0,9.848486053657114
14.0,12.60987160044396
5.0,15.29514954713527
21.0,19.30858054823384
21.0,15.277588949005409
-9.0,-4.8759476718825
2.0,-7.949400742564251
16.0,11.2379699053387
12.0,-3.454302687974401
21.0,17.685810635038955
9.0,1.2828253866110657
21.0,19.612570902980828
5.0,-0.21492519687627443
13.0,16.435531400074424
17.0,14.342757324103328
17.0,14.342757324103328
-14.0,-0.1962371649718886
10.0,17.50672146445011
10.0,17.50672146445011
21.0,12.59801637093394
21.0,19.01217131978739
22.0,19.650003309592737
22.0,19.673037118431143
22.0,19.60565099796502
21.0,18.98859833441819
18.0,19.215429915663687
13.0,12.844559747750676
13.0,6.263810065153892
22.0,19.52743952020592
18.0,14.924265323164478
22.0,19.623297247074888
8.0,15.028830321831503
8.0,15.028830321831503
1.0,12.009825129116098
11.0,16.95415635217931
1.0,-7.942616744805061
21.0,19.071607909404612
21.0,19.071607909404612
21.0,18.924981980730184
17.0,13.071076251770933
1.0,-2.0531499314681554
22.0,19.298942135870373
13.0,14.449788658168677
-21.0,9.773811298692417
-17.0,5.695265199154255
21.0,14.016846602871748
19.0,19.453455001772564
21.0,11.73483455033287
19.0,11.421521163823478
21.0,11.73483455033287
19.0,19.544547210946277
21.0,19.40546797055755
21.0,19.166540839718856
5.0,17.465554340672107
16.0,1.116672931044418
-10.0,-7.046956997329033
21.0,17.59890729661751
19.0,11.864032494278836
3.0,12.666183940616545
-4.0,-8.800675870684735
6.0,-1.0126505844368854
3.0,11.591167309274859
17.0,19.424602554394895
21.0,19.422745479617042
-1.0,12.060559752677847
22.0,19.355907707622762
21.0,19.181758477916198
18.0,18.462355187296424
10.0,3.90467078268977
21.0,12.792943573087282
-3.0,2.859343063395002
4.0,14.009839093727976
-1.0,13.66000794870424
21.0,19.554894440610695
18.0,19.000526794763125
21.0,18.99387278046354
2.0,11.75558445982826
22.0,19.24060510982089
21.0,19.15019556150363
14.0,4.982286728603288
2.0,-7.547657377134016
2.0,-6.30448510484268
3.0,-3.531788001796425
11.0,7.683116064990379
21.0,18.115883266923824
21.0,19.393685827144143
8.0,17.902093751113622
-2.0,10.556298279093967
11.0,14.053620447187564
1.0,9.86799424702313
-2.0,1.7257033512976019
16.0,10.652943488354316
-23.0,7.407993958944925
19.0,11.134915140811898
11.0,9.84764349915595
11.0,9.84764349915595
22.0,19.256428889804162
8.0,7.334095946996672
22.0,15.207920524831142
10.0,16.928103278091726
-38.0,-4.296723832312221
12.0,10.354271013141053
4.0,8.411588574820616
8.0,6.998713279459521
-1.0,4.143500653136913
21.0,18.481554060620198
-15.0,-5.65089687845045
13.0,9.128352182519837
22.0,15.918828914848953
11.0,4.171988207196732
13.0,4.273850724686154
12.0,17.27877519016494
22.0,18.255967299065876
21.0,19.35530160988243
22.0,19.12959236171937
21.0,17.212733712128944
22.0,19.591014743396805
21.0,15.124630787118402
21.0,15.113891090795715
21.0,14.720523014975878
22.0,19.533466797415485
21.0,16.662471836732593
18.0,12.115921121369286
13.0,18.284765609051533
15.0,17.459238248661045
21.0,16.77713546280715
-8.0,-7.317952085061158
-13.0,-4.692839966178472
21.0,17.728691532594834
22.0,19.6848155422376
21.0,19.421702400336017
21.0,19.589290244560434
22.0,19.443688410794927
9.0,18.293668769034802
22.0,19.24060510982089
22.0,19.68412714662115
22.0,19.657183686039282
21.0,19.086878322275762
21.0,18.385559694001337
21.0,18.170064234640066
22.0,19.186103932038503
22.0,11.792051272109653
5.0,15.124630787118402
19.0,19.1624981916946
22.0,18.858582592246368
-13.0,-5.704115507381896
4.0,-0.06950844015706892
2.0,1.1037840734986286
22.0,18.033056894523593
21.0,17.73383724030154
18.0,12.882875640393586
10.0,17.07777026277677
1.0,10.594516316420684
21.0,18.201129685192246
-3.0,5.000947438699775
15.0,11.25218001708216
16.0,13.44526476082129
7.0,12.832407584292046
21.0,15.34517818438136
22.0,19.578591494379022
22.0,19.029776643790594
15.0,6.241210101861759
13.0,7.407993958944925
14.0,6.241210101861759
1.0,6.241210101861759
3.0,5.196953599320134
20.0,11.698290419311608
21.0,15.583808816777049
22.0,18.81885772981542
-13.0,-5.047305662588087
1.0,10.354271013141053
-6.0,4.921997381661374
21.0,18.65768692981015
11.0,3.7208796683054643
3.0,11.084847694923404
22.0,12.837249806691288
-11.0,6.864936989134259
21.0,18.55978780051325
2.0,-3.829073514593695
6.0,-2.9735174515271616
-5.0,2.578879629797097
-5.0,2.578879629797097
22.0,19.307156225061085
21.0,19.19220867706757
6.0,9.829273681521165
21.0,19.054125397969273
21.0,18.05704581698071
22.0,19.511669899571583
16.0,11.530126825789592
13.0,14.889410323608804
4.0,8.442750790893072
1.0,8.442750790893072
9.0,7.407993958944925
15.0,7.407993958944925
13.0,8.442750790893072
22.0,19.501237417678556
21.0,18.905011373484985
22.0,19.503413223152446
22.0,19.28335827839611
22.0,19.519966096031744
21.0,19.522919062298747
22.0,19.40355526231975
3.0,-0.854527206144315
21.0,16.952055243781988
11.0,-2.2518492573192646
10.0,6.564181083777306
10.0,6.564181083777306
8.0,12.669313235382528
21.0,15.127403252237443
15.0,8.764531210555507
4.0,-3.409448225350051
13.0,11.217656317096392
21.0,16.44180304226366
14.0,9.424271249409255
21.0,19.279298574891854
21.0,19.02048883766187
21.0,17.672166515306237
20.0,19.543408431311292
19.0,19.56151063034186
10.0,14.924265323164478
19.0,18.120682985254764
3.0,-1.4419258596643925
3.0,9.56232927206027
5.0,7.242924961194726
-13.0,15.324357597869659
20.0,19.47263227002183
-1.0,10.967704785383672
-5.0,-3.74608748054262
4.0,-3.682745872041849
21.0,18.564470529622486
-8.0,19.41473881072543
21.0,18.070379214212164
21.0,17.826050659557062
21.0,18.028065046926045
13.0,7.726357408673179
21.0,17.975536707357655
-13.0,-2.042520933661372
12.0,16.446880545015976
14.0,19.568225002579076
14.0,19.270937047476508
2.0,12.98480499509137
-5.0,-3.6515380322486486
22.0,18.284765609051533
21.0,19.2864030560243
21.0,19.2864030560243
22.0,19.47804486323674
22.0,19.538763063055278
22.0,19.63030793950869
13.0,5.5914332659575265
15.0,11.218567923687688
4.0,-0.4293672938730566
21.0,18.45755546896548
21.0,12.698355137210404
21.0,18.65178719164136
13.0,8.074588673623062
22.0,19.488876082583182
12.0,13.344259340643799
18.0,11.243640456268357
20.0,18.342346134455937
21.0,19.04874297555043
21.0,19.172318861359614
21.0,17.540419269071446
-7.0,0.027976161331546123
10.0,1.7547252898357915
19.0,15.306252740033397
20.0,17.672166515306237
21.0,19.24560094994048
21.0,17.95929679080786
16.0,11.770903787281172
16.0,11.770903787281172
22.0,19.546606934447542
8.0,12.954208863641474
22.0,19.52743952020592
22.0,19.522919062298747
21.0,12.194443479645408
8.0,10.571322706121661
-3.0,11.134915140811898
7.0,10.571322706121661
9.0,1.1059933457369642
22.0,19.596369673536444
6.0,13.806566485012395
3.0,12.391126540407498
21.0,12.212847097229343
-5.0,-3.263543201038676
-8.0,6.650589185025136
-13.0,-0.6525762478154693
19.0,9.44058507602156
19.0,9.44058507602156
22.0,18.684936311484638
-1.0,-2.5743863304238417
21.0,15.100378929353987
22.0,19.41523381483511
22.0,19.40206799150212
12.0,7.987032135889389
21.0,18.673599004814925
22.0,19.25975552548459
21.0,18.781856624304737
22.0,19.41295583496947
8.0,6.994130202646353
-9.0,17.552286346709884
3.0,0.31940628778779256
2.0,14.950290582774379
8.0,8.133832119042959
13.0,10.632391466215811
21.0,19.089865234217122
22.0,19.09272531405403
21.0,17.82295292545494
19.0,18.971943295084955
22.0,19.350604978161652
21.0,15.038635792717493
21.0,15.553230537858811
11.0,11.031913272804285
21.0,19.24508458150258
22.0,18.83747334044742
21.0,19.341778656625564
14.0,11.111836761272569
17.0,13.74923991813657
7.0,10.951879463094164
22.0,19.33677813605432
22.0,19.358796725976273
22.0,19.215449698962992
21.0,17.354565019554222
3.0,3.9677130655675743
22.0,19.314832005576022
21.0,18.444736923031975
22.0,19.40687678375699
22.0,19.40687678375699
22.0,19.476094561948788
21.0,14.839799342570078
9.0,3.476912654613196
21.0,17.499799692970978
21.0,16.165889409784036
15.0,11.899737608144076
11.0,17.037055074712814
22.0,19.275982706413426
19.0,19.26631490909707
21.0,17.3944049624406
12.0,11.450434145168552
21.0,16.20835962543905
18.0,18.620104790175937
21.0,19.15073730715318
18.0,8.330636761503719
21.0,18.9255263060393
4.0,1.4843200671143872
20.0,13.951217698360944
20.0,13.951217698360944
21.0,15.601424686957637
22.0,19.311011789119018
22.0,19.483956700161322
22.0,19.14817751187779
22.0,19.439300531673418
22.0,19.132786973310036
4.0,16.886952230565377
22.0,19.49122398370697
22.0,19.38621968747711
22.0,19.12468430209002
22.0,19.341066761088953
21.0,17.031772426866645
5.0,12.187229597433433
9.0,9.821915784896827
13.0,12.304495957799979
21.0,19.119083480954835
21.0,18.694273083243957
22.0,18.410951690146646
22.0,18.914058505698996
-31.0,8.199406383982659
14.0,13.143494942823306
-25.0,11.588971175815434
-15.0,-1.758363366495871
-4.0,9.115021535076547
10.0,9.115021535076547
-9.0,6.900589084892794
19.0,18.038564359670396
22.0,19.315842388382507
20.0,19.41194265976739
21.0,17.501885920966444
21.0,19.17801493503131
-10.0,9.448934249437375
22.0,19.069065425605373
6.0,8.173995510156107
20.0,19.203567562467825
21.0,19.07355889340801
20.0,16.943056673741076
-8.0,12.655006755412893
-17.0,-0.8774305673726825
-9.0,5.577513828645666
4.0,6.089442286890052
22.0,18.210076517635315
22.0,18.671301884989475
22.0,19.184416734331005
11.0,9.878851375242272
-3.0,-5.335943569503041
2.0,-2.102739440255313
21.0,17.61676817805149
21.0,17.95221703835777
21.0,18.603525479668722
16.0,12.682859434774311
16.0,15.01686988911058
21.0,16.02595605143188
21.0,14.973472877331274
21.0,17.906334207408854
22.0,19.316727748750072
21.0,19.19037666441331
21.0,18.9313356427064
16.0,13.265207887521921
22.0,19.22287544651391
12.0,9.547709941852379
16.0,12.396417063937148
-3.0,4.489426386892228
19.0,17.740246985843264
16.0,17.717716911337874
-5.0,8.77372785319395
-2.0,12.897324863597454
22.0,19.451178681200705
22.0,19.375319086312626
22.0,19.35222012016901
22.0,19.31954019513821
22.0,19.05461825438267
15.0,10.966860844563362
22.0,19.0854446322311
21.0,10.940227277507011
-2.0,-2.355079504292405
21.0,17.755418730390765
21.0,16.638400640433712
21.0,17.66781300003533
7.0,19.307878757198523
21.0,19.163687303284178
22.0,19.34070269933179
22.0,19.26032412925887
22.0,19.261034883976716
18.0,19.222115264219184
12.0,11.02486873263117
14.0,17.616003172851297
4.0,19.35041090901568
21.0,17.877831828154278
16.0,10.766230234450834
21.0,15.497212977323345
19.0,15.003776853506547
15.0,9.910924138691456
3.0,11.829609126531416
3.0,-0.8960866595170085
-1.0,13.081987014808814
22.0,19.478340480542048
22.0,19.278271378989785
21.0,19.323930482829347
15.0,17.390480855001147
5.0,0.24797229855488823
21.0,15.821375015269517
15.0,12.199952953796053
21.0,15.623170812470214
21.0,16.341581063063735
22.0,19.33677813605432
22.0,19.423108186489934
21.0,18.850086946109492
22.0,19.355690932491164
22.0,19.3790158815455
22.0,19.362759528227556
22.0,19.362759528227556
21.0,18.086919831412377
21.0,16.738220660703277
21.0,15.905862559491654
-1.0,16.669629859898876
21.0,15.13219646604079
10.0,7.01177649450426
21.0,18.429448328613862
10.0,18.273729074888692
11.0,11.681335647020251
10.0,8.59267228946484
22.0,18.39454673618476
22.0,19.58192563277406
-11.0,-4.582771147050934
21.0,18.214734541807935
22.0,19.233864675858687
22.0,17.36329486321508
21.0,17.75414604551284
8.0,13.014605535951539
22.0,19.320220799312366
19.0,18.44187798542751
21.0,18.770102227893734
22.0,18.573300914809973
21.0,17.23318080644063
21.0,18.776878958761195
21.0,18.598454022578334
19.0,19.01645432193907
21.0,17.738084050175022
16.0,12.14093507492943
21.0,16.341581063063735
18.0,19.16646618429826
22.0,19.38387501879651
22.0,19.26032412925887
22.0,19.340271147507927
22.0,19.340271147507927
21.0,16.62851765285601
7.0,7.925674388951999
22.0,19.184416734331005
-8.0,11.26659155599195
7.0,15.233071803512763
11.0,5.507529718533927
21.0,15.451889171982554
