"tx_power","prediction(tx_power)"
2.0,9.794900136903856
-8.0,1.6766367767239387
-8.0,1.6766367767239387
7.0,1.6766367767239387
8.0,1.6766367767239387
-15.0,1.6766367767239387
7.0,1.6766367767239387
-5.0,1.6766367767239387
-5.0,1.6766367767239387
-4.0,1.6766367767239387
-9.0,1.6766367767239387
-11.0,1.6766367767239387
-9.0,1.6766367767239387
-2.0,1.6766367767239387
-13.0,0.3952052303206752
-7.0,0.3952052303206752
-5.0,0.3952052303206752
6.0,0.3952052303206752
7.0,0.3952052303206752
13.0,15.306087857382758
-12.0,-9.264895246744906
21.0,8.458749546477575
7.0,8.458749546477575
22.0,18.299987556045473
15.0,19.077223532942774
4.0,6.305198190100699
9.0,13.897358859882585
-1.0,-1.452856695382339
-1.0,-3.6649097127111077
22.0,20.248454296145454
2.0,9.18388055408977
4.0,-2.6849260656040244
-3.0,9.914916533070697
22.0,20.332785340914285
-8.0,-1.3288879922622616
22.0,19.768326647165704
-6.0,4.528052082263503
9.0,9.156760016258877
16.0,19.619467097647288
21.0,18.506531169694576
-4.0,1.0742482043585646
-18.0,-2.7314413754242715
22.0,19.74416735116421
21.0,18.859915414016836
22.0,18.358747793272595
16.0,10.960506861994974
22.0,20.333067349980567
8.0,10.941175257027025
19.0,18.013306004048378
22.0,20.108641589513635
22.0,19.647047493244994
21.0,19.64789485437585
-1.0,-7.307078238464431
5.0,10.449955117763832
7.0,6.196275981170518
-12.0,1.8226729330484535
22.0,20.331845310693346
22.0,19.945454275296846
22.0,13.284317415268037
21.0,13.367929207854806
22.0,19.57977006134995
-4.0,2.629594859751627
21.0,18.59047436573332
3.0,14.51993456358971
11.0,4.194779434571176
-7.0,2.0744233081749623
7.0,13.306315086230457
21.0,19.016735848518646
22.0,20.332565531944663
22.0,20.182361216739906
20.0,20.238910832651786
21.0,17.476912685037725
-3.0,2.9044712932377657
5.0,2.0124748795578675
-6.0,8.752166142819746
-6.0,8.752166142819746
6.0,19.463823917614352
21.0,15.282298976290758
21.0,17.760656251280484
10.0,12.769126423708288
21.0,17.07928256379732
21.0,17.435132554307835
15.0,7.751240697921892
15.0,7.751240697921892
7.0,0.5765302221932878
6.0,-0.8781907505518696
21.0,18.789172485459982
18.0,12.71681145056743
2.0,-2.4875476527280114
-1.0,4.166518463798859
22.0,20.494884548960222
22.0,20.185518520373535
11.0,8.767409071659962
18.0,18.40879236084388
9.0,1.7142781907173426
22.0,20.294913295779278
11.0,-0.960030858312658
22.0,19.952183080174922
22.0,20.173950931702777
22.0,19.700438284661217
21.0,17.64506368622505
1.0,8.51006339252657
22.0,11.316748640126791
16.0,6.442357822466573
16.0,6.442357822466573
22.0,19.37392964829621
21.0,12.142644189915714
14.0,18.07640031168104
22.0,19.78547129051622
21.0,17.23741899225251
21.0,19.814751266281142
2.0,9.428235255938251
18.0,11.152131653306709
21.0,13.237579804649625
22.0,20.049797302021293
21.0,19.26588280001236
22.0,20.288806802869143
22.0,19.828806413285957
19.0,19.952610330624495
22.0,20.144037854099004
22.0,19.89131717263747
15.0,9.168980610351003
21.0,19.57446196006486
9.0,5.88409047722959
21.0,18.194727369368948
20.0,10.700216295899521
20.0,10.700216295899521
6.0,-5.494032436895143
2.0,-7.887773600397928
-9.0,-6.109057323372021
21.0,20.362321206481006
-1.0,-4.411424154425109
12.0,17.42858170917909
21.0,19.36282516504838
-3.0,6.3656843253380035
4.0,17.49705059164549
15.0,9.317884854656345
1.0,-1.3409764007351743
21.0,17.299569566555945
22.0,20.421850159955405
22.0,20.49077412196053
22.0,20.45389490378002
22.0,20.58211261787271
22.0,20.515416399874628
22.0,20.302368456207073
13.0,17.07928256379732
13.0,6.361365972800251
22.0,20.316998931660798
22.0,20.056420298695063
22.0,20.062333469775826
21.0,19.81308032473784
21.0,19.676853281503867
4.0,4.272417331431731
2.0,10.613459610673058
1.0,12.78622164394581
5.0,7.21077322875756
-5.0,1.5500176065265094
21.0,17.99165708763612
20.0,12.49632186455517
9.0,3.906370359802091
21.0,18.501553333852158
21.0,17.494766457272036
21.0,17.910561616455965
18.0,13.043780145628478
22.0,20.12745856371529
22.0,20.045592988194148
21.0,18.94034909219083
22.0,18.205962309931962
17.0,9.942034997582804
20.0,10.630520849548784
22.0,17.07928256379732
22.0,17.07928256379732
21.0,11.248790276851643
22.0,19.652637624449177
11.0,15.408290606069405
-5.0,1.7771538413008354
-9.0,-1.703652713401814
21.0,16.776397217515633
22.0,20.20825154661793
20.0,19.156166225467516
-1.0,1.3871034148218069
7.0,11.637722187008624
21.0,18.108942264359627
21.0,17.642941873272246
21.0,10.01373122356354
21.0,19.8008758111867
-1.0,17.935772226601784
5.0,11.637722187008624
13.0,15.626882525208996
21.0,19.278473226599473
21.0,19.948708700469503
22.0,20.147130861555045
9.0,14.834086540819504
19.0,10.626070091581203
9.0,4.406532884726349
19.0,11.348520857829834
18.0,19.633204778765478
21.0,19.654025684855156
9.0,6.92605568729475
20.0,12.0877741459053
22.0,19.594049952927193
4.0,0.19209590802187648
18.0,8.828988385452352
21.0,17.230227684441715
8.0,1.684650202157508
16.0,6.182903433579177
-14.0,-5.446646097520691
21.0,11.754933563864341
22.0,18.30825389808748
11.0,5.009509760599029
17.0,11.853299501906516
21.0,20.324254438836746
21.0,20.34679167007846
-2.0,-5.640375806501751
21.0,12.147110379339027
5.0,6.302379685436076
21.0,18.77478342650328
21.0,20.18284907683413
17.0,11.253902334065017
21.0,17.285364832839026
22.0,19.422720233495276
-7.0,-4.535616181853893
8.0,6.3440332295369615
-17.0,3.0768328407940295
2.0,-6.781110186284955
-5.0,-1.4366959101452075
-12.0,6.219482891346936
-19.0,0.5520055096854612
18.0,10.623844712597412
10.0,17.920869596992627
21.0,17.848738233535773
12.0,9.583197754583043
1.0,10.637938779494752
4.0,10.589977503331927
14.0,9.218039565922357
20.0,11.32753635437331
22.0,15.255880120865127
-3.0,18.383605475300108
21.0,19.48812568040991
21.0,19.48812568040991
13.0,6.692810788971884
13.0,6.692810788971884
-12.0,17.833850900429624
21.0,18.544474687934024
17.0,17.012124758957054
21.0,18.595783137423485
18.0,10.663388472194509
21.0,19.362993200693175
-2.0,1.373746347145918
21.0,17.997866516639935
13.0,6.147448886794413
14.0,10.151932920072541
3.0,8.828812596259581
-15.0,-7.217672121251361
2.0,14.150454417343019
21.0,17.618309992708834
21.0,18.72442172015483
22.0,19.386509018432363
22.0,20.343768732539417
21.0,12.159064035444011
13.0,7.7593261772741595
18.0,7.751414565104335
21.0,15.889373144231854
10.0,2.4037904597700006
22.0,20.262223523076244
22.0,20.313975994121755
19.0,19.26588280001236
21.0,19.333598428519185
-3.0,-5.7715250800541575
21.0,17.89787037526525
21.0,17.637377837918912
21.0,20.132259278486394
12.0,20.222275475301863
21.0,20.276944937982904
22.0,20.018984829018066
21.0,17.253001723997127
22.0,20.026007060547496
22.0,20.605138056361596
22.0,20.307027931474444
21.0,19.486421631207854
18.0,18.929863053289175
21.0,18.64828314758774
21.0,18.484791878985646
22.0,19.365633024068366
13.0,18.655467207169877
21.0,18.655467207169877
5.0,0.286235215977122
22.0,19.73606352782044
22.0,19.82394144476931
22.0,20.311288938531497
5.0,-5.0744947956217175
8.0,-0.09032201584385469
6.0,5.550820952553714
18.0,12.235114403475448
-12.0,3.2549280912682192
9.0,17.07926815551418
-5.0,-0.7519887140821364
21.0,18.90162337686504
19.0,18.43356681114291
21.0,17.1582424483353
22.0,20.505736043009655
22.0,20.550237198182373
22.0,20.83048124728237
13.0,11.365803458856693
16.0,19.715991164707205
21.0,20.06186214291901
18.0,20.205015255383177
11.0,-3.569097521240888
12.0,9.506768237252086
15.0,6.182903433579177
16.0,6.182903433579177
-14.0,-1.7361606333308366
20.0,11.300207478282129
1.0,10.065390141181044
-1.0,3.324002951105422
9.0,5.429246416328295
-3.0,9.344968789636251
21.0,19.199333402337622
21.0,19.288153987973942
-16.0,-7.2582448167774025
22.0,18.186072697849426
16.0,13.825840050277286
9.0,13.829934625902096
22.0,20.1349287220258
21.0,18.6848518080239
21.0,20.062752426981884
21.0,17.920207608635106
21.0,18.489097683397794
12.0,7.751240697921892
11.0,11.862207746489045
21.0,19.346826075997477
21.0,19.141777166510817
21.0,19.346826075997477
5.0,12.992301696616375
9.0,7.751240697921892
-13.0,8.828812596259581
14.0,7.751240697921892
14.0,7.751240697921892
15.0,7.751240697921892
15.0,8.828812596259581
16.0,16.531991724886986
22.0,20.036084554092433
21.0,17.90596696738347
10.0,3.6580851730064055
4.0,-2.55419077634199
21.0,18.123702761186735
21.0,18.711831293567716
22.0,20.28001502239717
22.0,19.595636394917747
-6.0,-0.5790087894118283
21.0,18.356789418920762
21.0,18.01897857525291
22.0,19.47979924923948
21.0,17.041523056687677
22.0,20.074604799933226
21.0,16.529659258191092
3.0,5.666867967965507
3.0,11.335252236730376
3.0,1.3253700446509544
-13.0,-4.741203357386301
14.0,10.18034510355133
7.0,4.190305456034315
22.0,19.561483235118565
-2.0,10.086234967588107
10.0,11.637722187008624
13.0,9.583197754583043
4.0,11.152131653306709
6.0,6.448027308763478
22.0,20.236516587924104
-4.0,6.182903433579177
8.0,4.592439470752083
7.0,-2.293340004890368
-1.0,11.152131653306709
11.0,5.020723013752219
22.0,20.131369463973257
21.0,19.45666520882275
22.0,20.199710887569008
2.0,7.817426481424054
22.0,20.393187014237377
22.0,20.22612853070831
21.0,17.629433318098542
21.0,18.334131817880902
5.0,11.365803458856693
22.0,19.78440602666572
21.0,19.57446196006486
21.0,18.204006623716257
21.0,18.758595735176993
21.0,18.749602573329057
22.0,18.51710837256082
8.0,0.7967349099849983
13.0,16.01420017324512
21.0,16.866547326451386
20.0,9.506768237252086
22.0,13.904976019551434
13.0,12.295429468415396
16.0,6.442122864532517
22.0,20.394476436746505
22.0,20.22861438488695
22.0,20.36251810017182
22.0,20.394619705914184
-6.0,1.4858039844111737
21.0,12.103518315594686
21.0,19.25868827053401
-2.0,11.997046525047828
21.0,18.337682281738005
-5.0,3.8346745697357374
14.0,3.6787973560937584
20.0,18.333244201916628
18.0,17.94506374904334
13.0,9.954229352995824
21.0,19.654025684855156
6.0,11.318906182976095
21.0,13.840171064964121
5.0,0.751735839360471
21.0,18.091401873879263
22.0,19.83088274406927
22.0,20.0624905787281
21.0,19.592768201578476
21.0,14.331262585386963
22.0,18.899824744495454
21.0,20.06280479663264
18.0,19.94366066574989
22.0,20.34007403110281
20.0,7.764368241805464
10.0,2.3072351093494525
15.0,10.663388472194509
22.0,20.340745795000373
22.0,20.120691689815636
22.0,20.333020510178375
22.0,20.326030221991317
22.0,20.328406325321662
22.0,20.287651769066912
21.0,19.797631129950126
19.0,20.041850658764687
22.0,19.868287420267933
22.0,19.951445191695
16.0,9.36215075887317
3.0,-5.510002821216986
-18.0,-1.56998215737317
14.0,3.2774251462453723
6.0,7.740897506762562
22.0,19.959106808721714
22.0,19.46694906917561
11.0,10.18034510355133
18.0,12.472438227249066
19.0,19.77748564257672
21.0,17.559266197371336
13.0,11.26705341647703
19.0,15.067879954721988
13.0,19.273104642992976
18.0,8.26928067305621
22.0,20.2913375018332
10.0,17.3576635833739
8.0,6.5122696595133664
6.0,1.1431935582326282
21.0,15.55509252545876
21.0,16.195382002804273
21.0,18.62633849045246
11.0,16.782099753394185
21.0,19.9051585967647
-17.0,2.5587762619159857
22.0,19.7666060804957
21.0,19.044149850875975
22.0,20.08731549048078
18.0,16.685672410663393
21.0,18.57984752400903
21.0,17.530527732083833
5.0,2.929441907771741
13.0,17.00052064810202
21.0,20.07177825863355
22.0,19.845522564237484
13.0,12.8835647012902
2.0,9.076528377873373
-2.0,12.193413566926543
21.0,18.51009022740132
22.0,19.828510095992893
22.0,20.02455793702636
22.0,20.157585230631028
22.0,19.946509961887024
22.0,20.30387548939555
21.0,19.60108036031631
9.0,17.981486618871287
18.0,19.36855543674742
21.0,19.53128876374693
9.0,3.370372893993933
21.0,17.959269417640467
1.0,9.544764949324005
2.0,1.7344258003059032
-2.0,1.3896755485825274
22.0,19.72490765246041
22.0,20.028206182415268
21.0,18.94706122750781
21.0,18.57984752400903
16.0,13.822549500929078
22.0,19.524137908259465
4.0,1.806634477764291
11.0,16.78284857405497
13.0,8.93719536990432
5.0,7.4338796029064325
21.0,12.701512622658047
22.0,19.78214050895983
22.0,19.889594337033145
4.0,17.460104017244596
18.0,14.61979482431271
22.0,20.342630629669763
21.0,12.897104388866113
-16.0,10.743277699567672
21.0,19.602904846519344
21.0,12.173307236178125
11.0,9.708288953163336
10.0,1.9023683026270177
22.0,19.939787763229063
19.0,11.22508708926543
14.0,18.025578798989407
14.0,18.025578798989407
21.0,16.935871248693235
22.0,19.77542709949945
22.0,19.984298281785556
18.0,17.480614191655423
22.0,20.39352847394146
22.0,20.349121358023332
-1.0,20.20594872385823
9.0,17.26373063706239
22.0,19.770120638828253
21.0,19.255464520837265
10.0,10.781533452400991
21.0,19.770120638828253
17.0,19.75178394928405
-10.0,10.274469203867191
15.0,11.333262288636671
20.0,19.478596533498003
22.0,19.840619196715032
22.0,20.09241883076213
22.0,19.477368560358187
21.0,19.755725473284375
5.0,18.227928509477398
13.0,18.1758276156277
16.0,11.300806959146652
15.0,10.738100993228695
21.0,17.632649549800746
-2.0,2.117820768518845
12.0,10.191892918055645
21.0,18.211515309961996
21.0,16.084109347450852
-10.0,2.9823372431465227
12.0,15.43152362551362
21.0,19.889070516532264
21.0,12.500609272900086
21.0,17.446899874821998
6.0,12.899361003462099
-7.0,-4.725177325803056
21.0,19.07838967974064
18.0,15.427882220378075
21.0,19.33907366053539
21.0,17.251214262990114
9.0,14.643606077788679
21.0,16.641811085109563
22.0,20.107849562917856
22.0,20.168954685168792
22.0,20.14688983391101
21.0,20.165185536213617
22.0,19.701887358053423
6.0,5.727060232250194
21.0,19.704350115968484
21.0,17.017380761666786
22.0,19.77908139265839
-4.0,-4.958517067589703
-20.0,-2.8356752399745098
21.0,18.252216391239866
4.0,14.25102931196795
4.0,14.25102931196795
21.0,18.289545990030895
21.0,18.849502774750036
15.0,11.189971336823888
19.0,15.928547094382335
21.0,18.80056072014717
12.0,11.413991837149624
20.0,16.570866693425298
16.0,12.018966674940495
14.0,11.886969832851547
21.0,18.318968470993184
21.0,20.001102338722376
22.0,19.961387941219925
22.0,20.034405413489512
22.0,19.660673904306776
22.0,20.133223896688044
22.0,19.766674683522417
22.0,20.008616036179763
21.0,17.465793278186542
21.0,17.195768444833973
16.0,13.634169354496118
21.0,18.659280644579717
21.0,17.06104132180584
20.0,19.35330509707639
21.0,16.580078973920653
11.0,18.202143255609506
19.0,18.189540480352758
22.0,20.32969694637137
22.0,20.25367499517636
22.0,20.036991222522502
21.0,19.89200489706351
21.0,15.85726298941491
21.0,19.904816297185288
22.0,19.886299660947735
14.0,14.133446222103135
14.0,14.133446222103135
-2.0,7.670784300806201
9.0,5.153220026501815
21.0,12.026520399824017
22.0,20.103478988940267
11.0,7.410778439008578
22.0,20.068521570995024
21.0,19.952738583561253
10.0,11.743726935195937
6.0,15.067879954721988
6.0,15.067879954721988
21.0,19.048429829484057
