"tx_power","prediction(tx_power)"
9.0,4.442851819082772
9.0,2.835401285626805
-5.0,2.835401285626805
-5.0,2.835401285626805
8.0,2.835401285626805
7.0,1.4657521804742046
-4.0,1.4657521804742046
-3.0,1.4657521804742046
-10.0,2.835401285626805
-7.0,2.835401285626805
5.0,1.4657521804742046
-10.0,2.835401285626805
14.0,17.735211565718224
7.0,-6.264455611496791
-14.0,-7.888336227180281
-13.0,-7.888336227180281
-2.0,-7.779136133723869
7.0,-7.116367451906312
17.0,9.411170581721091
-3.0,9.411170581721091
-4.0,9.411170581721091
6.0,9.411170581721091
6.0,9.411170581721091
21.0,16.944010499357475
6.0,6.016520464656142
15.0,13.601922783553839
3.0,11.609744640903566
22.0,18.977579468933566
1.0,9.922083535027845
22.0,16.8906588914649
22.0,17.720683479623823
22.0,19.360854633628822
21.0,13.56734996369488
3.0,10.320542793495118
21.0,18.028190666719475
12.0,14.57764157220998
21.0,13.67563353350915
3.0,7.119618955613692
22.0,19.084774187751226
1.0,8.621221525685966
8.0,-2.228287144729956
8.0,11.701449754729271
-24.0,-6.068763630890102
-12.0,14.44663043770742
20.0,18.33378582627772
-4.0,3.0283138657203192
22.0,19.353534760000947
22.0,19.764786102994066
22.0,19.46087698508248
22.0,19.054090411659338
21.0,18.580300134233596
22.0,19.193989270353043
21.0,19.065971987691253
22.0,19.710222863617975
15.0,9.725199472563563
18.0,12.54312440487556
14.0,7.111691418219596
21.0,17.978635670880614
14.0,14.56389297414442
21.0,16.939137276888147
1.0,-4.747622400763158
21.0,15.150366002183352
13.0,6.159131393381789
17.0,6.126852393983879
10.0,1.7564913630808014
-1.0,7.921281300663525
17.0,17.353705220714847
3.0,6.1062188628011675
22.0,17.574647059057032
6.0,6.004120209434882
22.0,19.473874855822288
22.0,19.32004297366068
5.0,-2.328772266847407
22.0,18.98790980881526
15.0,13.903925850018291
18.0,13.903925850018291
22.0,16.581066380177873
22.0,19.24229472378593
-28.0,10.947448795040033
4.0,8.68109151036201
11.0,5.1326867396846705
22.0,19.604469250633453
22.0,19.649081279259693
22.0,19.571523507865187
19.0,11.397121503588838
19.0,11.397121503588838
4.0,7.230686666910613
5.0,-0.954844637682644
-3.0,5.069614220116218
21.0,16.78081836540342
21.0,10.615959076372159
22.0,19.52372816617021
22.0,19.468966184543717
21.0,17.47687042667258
21.0,17.183973537866333
15.0,16.859478841960403
18.0,11.571747874932303
7.0,15.60862433316751
21.0,16.292195343726924
16.0,7.615209336186289
13.0,12.015685493897
15.0,9.153117505492766
6.0,-0.4716228789022381
21.0,17.276239596698105
21.0,14.889297705184742
-1.0,15.667322840848243
6.0,9.464425324484495
-7.0,7.321624957930239
21.0,17.953843147478107
21.0,18.545589373029753
22.0,19.665874600852298
22.0,19.727887883838964
22.0,19.93124829801713
21.0,18.879388287256567
6.0,11.571981180084062
16.0,18.55350247047007
21.0,16.58259440780465
21.0,18.879150583723295
22.0,19.49333734602606
22.0,19.653351551585416
21.0,17.210396246053463
9.0,2.6177870530972243
22.0,19.54251715345353
22.0,19.36037323275911
21.0,18.551806806732863
22.0,18.545966187193578
21.0,18.863257068712834
22.0,19.10164046162516
-17.0,-6.123785144722957
-7.0,7.855651401052337
22.0,18.861607822251493
22.0,18.724373757266978
22.0,17.97744155417247
21.0,12.429823536486266
3.0,15.529522418639464
19.0,10.724076867437661
21.0,17.019172200733944
21.0,17.019172200733944
22.0,19.51819103665961
22.0,18.546908222603143
22.0,19.494297185171426
21.0,15.475472007333991
22.0,19.005026683543296
22.0,19.58996214312028
22.0,19.271365670196737
3.0,11.579537226716123
21.0,11.443684820168727
1.0,-4.555548830889238
15.0,9.234627904391996
11.0,6.242064043848282
20.0,18.84513818633519
22.0,19.23803484938498
21.0,19.732946349033973
-22.0,1.9220153175183299
-12.0,1.3616134473955714
21.0,14.16378249254347
21.0,18.722657890431943
21.0,16.000599774555035
15.0,7.161217832011877
13.0,9.184535700014198
18.0,18.507604822434416
22.0,19.296326999774045
21.0,18.110752535853564
13.0,10.998471458995777
-3.0,11.379087530647054
21.0,16.859478841960403
22.0,19.487257172357886
21.0,19.02646688754074
22.0,18.557647426272144
21.0,18.860618274374687
18.0,16.158102651120263
22.0,19.71880573899368
21.0,17.183973537866333
13.0,16.859478841960403
8.0,10.256666822430347
16.0,12.507674490347936
22.0,19.764409220781012
22.0,19.79306150818369
22.0,19.71089315831428
7.0,-3.9382359622867735
21.0,14.672400494145526
21.0,17.357102848778794
21.0,16.029216130669727
22.0,19.423744306205002
-4.0,6.313016363174403
-13.0,-6.9224585412141995
21.0,18.381553384377707
21.0,16.26741449454393
21.0,16.574108193899757
18.0,13.741966708958856
22.0,18.4486743146049
20.0,10.739965717757544
21.0,19.16080109413025
21.0,18.20551070394002
22.0,15.234569419849937
21.0,12.591002683285302
1.0,-1.6032908017216059
21.0,12.438646764660158
21.0,18.023312496823177
8.0,11.446280296829002
-6.0,1.3317001282573706
21.0,18.12364415280434
6.0,16.550142231097922
22.0,19.27150360784767
12.0,9.629566801243573
-9.0,-3.620623525125959
-4.0,6.237020727462749
11.0,15.75927327171474
-16.0,0.2866748795028702
21.0,17.52622035941209
13.0,7.3004905128467925
14.0,10.56362325467211
21.0,17.1899019307897
-10.0,-4.062138771270236
-4.0,-7.671996769348878
7.0,8.69234252137237
11.0,6.219009142810173
-1.0,12.100361642910146
1.0,6.265074128200076
16.0,17.05272994315372
4.0,17.582686479551196
21.0,19.76032225560063
21.0,18.921497827477832
21.0,16.50098959069365
9.0,2.9406587876509835
22.0,18.547487082496094
22.0,19.59120747316073
22.0,19.54386530486641
22.0,19.0185505045263
21.0,18.862267520836028
19.0,17.47687042667258
19.0,17.47687042667258
8.0,4.764586433956342
-8.0,1.9220153175183299
22.0,19.495560061251336
21.0,18.16423849205711
-24.0,6.311521488915933
14.0,6.311328270769145
-3.0,-6.9224585412141995
2.0,-6.9224585412141995
9.0,18.71419977484371
18.0,12.076352021045317
22.0,19.270282181975823
22.0,18.858969027913346
5.0,-3.5599003403779808
11.0,6.26582613661483
-11.0,-0.45267310571173525
-12.0,-4.98935188801334
-7.0,7.193317659732076
21.0,18.147702778194095
9.0,3.8336210357539944
2.0,-5.7956628042400435
12.0,-0.6795750335405302
22.0,19.38022117708709
12.0,10.28302930332941
-3.0,10.28302930332941
-23.0,7.344079925158677
21.0,16.91960097136199
22.0,19.777410441024177
22.0,18.3605174428734
7.0,7.243768637400133
6.0,11.071237998487623
20.0,18.023762147346716
21.0,16.677754925965615
1.0,8.291451416946426
8.0,13.258180709420408
16.0,16.86714988217912
16.0,16.86714988217912
21.0,17.847835278817833
-2.0,1.5635283515784284
12.0,9.088669491993839
-15.0,-5.156986650056721
21.0,18.1680656115393
22.0,19.474363287866936
21.0,18.544082116374454
8.0,16.535440289837034
4.0,18.36892986729208
22.0,12.507674490347936
7.0,1.8294209446639336
10.0,3.4491225743017466
21.0,19.255425561939052
21.0,16.90188965464599
22.0,20.00770209443825
22.0,20.21190344034321
22.0,19.46456725584875
22.0,19.905698271149426
22.0,19.795930635627276
22.0,19.604469250633453
22.0,19.566396391301012
22.0,19.3521195296232
20.0,19.189380832983087
22.0,19.189380832983087
21.0,11.591034927063614
9.0,13.258180709420408
21.0,19.024817641079398
1.0,12.233193221473837
22.0,19.74124975142553
15.0,17.18126816419886
6.0,11.610284286934682
8.0,12.405993219436732
21.0,11.418736594052362
21.0,13.361355458949618
6.0,-2.4410832681137347
21.0,19.775348978258084
21.0,18.190182535660156
22.0,17.19000930928888
22.0,20.123845423403996
22.0,20.199969813769375
21.0,17.047136986083757
22.0,19.413076195339567
1.0,8.688314357858257
18.0,7.615209336186289
-8.0,1.6140326190221845
18.0,13.371648249553678
-3.0,7.854304639391658
-2.0,-3.098064529810417
21.0,19.021189298864446
5.0,0.8383643530100127
8.0,-5.084861768450731
7.0,-1.6182272616705191
21.0,16.643608866031656
5.0,13.783113016589247
22.0,19.34399452742542
21.0,16.074513171862158
16.0,11.604423997124123
21.0,18.1458722052987
21.0,12.507674490347936
-1.0,8.688314357858257
-1.0,7.615209336186289
-3.0,8.688314357858257
12.0,8.688314357858257
-9.0,8.688314357858257
9.0,8.688314357858257
15.0,7.615209336186289
4.0,8.688314357858257
9.0,8.688314357858257
15.0,8.688314357858257
8.0,1.7357333615833976
16.0,15.496608489934948
22.0,19.27148290389248
22.0,19.471879518419716
21.0,12.18011040090492
4.0,12.147586694232823
8.0,-3.8062475556220274
21.0,18.13959819194991
-5.0,10.74776625400954
14.0,11.081186473073167
22.0,19.154382832095934
21.0,16.349619691581793
7.0,14.921790384419475
-6.0,-1.0856234739624462
22.0,18.957057508674783
12.0,3.145349369949006
21.0,18.026393849739634
3.0,11.38177358610171
5.0,11.076922841107933
8.0,6.064638511195182
7.0,-2.074001148321841
-5.0,-2.074001148321841
22.0,19.421382121978624
22.0,19.54767585893208
-1.0,8.178670640919268
22.0,19.516370528110514
9.0,9.330276543490214
22.0,19.261069765817332
22.0,19.705509536896443
19.0,18.548038665094616
10.0,0.7795336362731504
14.0,2.624600734782156
22.0,19.256263820984604
3.0,6.272020407931385
21.0,18.554459320646654
21.0,17.83838629946754
21.0,18.282484626109635
21.0,18.020640834676165
20.0,11.567680323489961
10.0,4.140094947467894
10.0,4.140094947467894
21.0,15.652810175142912
17.0,9.253728645525428
18.0,18.72531579267654
21.0,18.547661850930787
22.0,19.626713813422295
19.0,19.360926667015303
10.0,-0.31054980678296396
10.0,-0.31054980678296396
20.0,10.072291172886525
17.0,11.570373238226583
3.0,6.2676809964069315
13.0,12.723391120668415
22.0,19.70926345933627
22.0,19.65532887515387
22.0,19.495778116258617
21.0,18.106757201009486
-17.0,7.170805100393178
15.0,13.27144611637827
21.0,19.74180501415408
16.0,17.600166724811356
21.0,18.675775537712994
13.0,10.10985502579229
21.0,18.418463570701334
10.0,2.7726131105891927
-5.0,6.239432769567919
-5.0,6.239432769567919
17.0,18.339474994092278
21.0,18.341999697509404
1.0,-3.889999628847084
21.0,17.627496688973213
22.0,19.72334681141632
21.0,16.57242533143348
22.0,19.62010601435856
22.0,19.617402757864696
6.0,19.542596803409253
18.0,19.630009352703052
15.0,11.228195201248816
22.0,19.673124787269966
21.0,15.247031933238828
21.0,13.258180709420408
21.0,15.697110199953933
20.0,19.667783248545057
-3.0,5.106036116924498
21.0,18.55312565630625
22.0,19.737219413211697
22.0,19.43201897908241
22.0,19.473636213322663
7.0,-0.7350893166907593
1.0,7.491996253103448
16.0,9.70854861465573
-8.0,7.304104089182848
21.0,16.88203462645079
22.0,19.62605470556614
18.0,12.862953968874365
12.0,7.5644533678962675
21.0,18.62853710272188
22.0,15.091075360220362
4.0,6.323567603900818
17.0,17.034810440687384
22.0,19.57941723462529
13.0,10.994152671255861
12.0,15.40807282654966
17.0,8.771920727280728
19.0,15.534663009338692
19.0,15.534663009338692
14.0,14.482877655887137
7.0,2.3929309564642107
21.0,17.590861332660445
21.0,16.323649677550662
15.0,13.517433663129793
15.0,18.884755391622523
21.0,17.157234479801147
22.0,18.94280446443136
21.0,18.045151019890035
17.0,11.898801387236603
8.0,8.492077116497263
14.0,10.769106001287362
13.0,14.835954922075741
18.0,12.281761772747604
22.0,19.159606202365875
21.0,19.218794393592727
21.0,18.106381755720378
13.0,14.715963143525588
21.0,12.87241749396679
22.0,19.436578242168945
22.0,19.459944603829154
22.0,19.2916345438549
22.0,19.733171404318423
21.0,18.78769465490697
22.0,19.129737299689975
21.0,17.29314413210688
5.0,8.034357946041663
2.0,14.222003428305552
14.0,8.76503378271653
21.0,19.16646117809182
21.0,16.443314650523206
21.0,17.798458625100707
6.0,10.04573190516444
21.0,16.825657510388073
-2.0,11.431489564580325
10.0,18.15306926520728
12.0,11.111163282008132
16.0,16.897214425372763
21.0,16.146361318850097
21.0,19.301449493510304
22.0,19.298714182023183
22.0,19.38592097497209
22.0,19.379232140585664
20.0,19.255991272864144
22.0,19.591539329126082
22.0,19.444270146619047
22.0,19.560523953382642
21.0,15.219129063178535
-1.0,10.288004877702388
22.0,19.43895324835777
22.0,19.212602764809244
13.0,17.358528925146672
21.0,17.664144438885682
22.0,15.97318498124365
12.0,4.135765029232568
19.0,19.087114247873036
21.0,19.078893915248056
21.0,16.865364548210234
16.0,12.389247641287671
13.0,10.338585003820713
21.0,18.75682736150909
22.0,19.430249317461705
21.0,19.414042795478377
22.0,19.368805112660723
22.0,19.470709797346615
-1.0,19.509768689499694
-7.0,4.436458070421045
19.0,19.2067222099542
22.0,19.175433135898036
20.0,12.970231662671294
20.0,19.236682568600386
15.0,12.55753934112796
-1.0,-3.622090406093312
22.0,19.259405604940405
16.0,11.410640457224314
21.0,18.402004756078618
22.0,17.416655897254337
21.0,17.902529823863937
22.0,19.280934657356916
22.0,19.08311161990164
21.0,15.73541901790688
17.0,17.389229113533382
7.0,8.376834569508096
22.0,18.942407444257228
12.0,10.476137139649612
19.0,10.965263947337997
12.0,10.224983244468005
21.0,19.07945399324276
3.0,12.041697195410167
18.0,18.800949877599734
21.0,18.77738503725704
18.0,10.535660176369703
7.0,1.9896029129432176
21.0,17.843129329560124
21.0,13.517433663129793
4.0,-3.8156819582768993
4.0,-3.8156819582768993
22.0,19.443969247632054
19.0,15.860183320784097
17.0,10.12052483600127
21.0,18.57880467510371
21.0,17.29725237362478
21.0,19.373440901938046
21.0,18.982926613867914
13.0,11.851100450833925
21.0,18.100321149071128
21.0,15.435056483294732
4.0,15.380136476111941
5.0,16.70116938957149
21.0,19.01493015746202
21.0,18.000537369725148
-13.0,-4.907821021656121
21.0,15.896010676711352
1.0,0.5750761332284533
5.0,16.964177376546782
21.0,19.35708675882558
12.0,10.293183037630161
15.0,17.62531174693968
21.0,18.93445903506976
21.0,18.809786692728245
16.0,6.495167542175243
21.0,16.537283405835904
11.0,17.574201235504027
6.0,14.500171848394881
22.0,19.22083175793105
21.0,18.528253075402333
21.0,18.055466932491292
21.0,18.078071013849538
1.0,18.303273320467664
11.0,15.341723994260077
2.0,14.016246262000227
-5.0,9.679787922993901
13.0,17.456308779623125
19.0,19.34247916581708
21.0,19.131043803507787
17.0,12.98120933803491
17.0,12.98120933803491
22.0,19.353441428420734
22.0,19.33337492526145
8.0,13.432378330045527
22.0,18.891658675434638
22.0,19.580444068255254
22.0,19.133328795416432
22.0,19.039976408970453
21.0,19.042759325804724
22.0,19.298714182023183
21.0,18.82559361871364
21.0,18.34970300854403
21.0,17.61461773674956
21.0,15.534663009338692
-12.0,6.4849120042312824
21.0,18.11318042450184
21.0,14.747212476124027
21.0,15.958794476281003
17.0,16.977743081981902
22.0,19.778614485815584
22.0,19.95953677973111
22.0,19.247840857197268
22.0,19.32698822245817
3.0,13.825490635721644
22.0,19.070588494147426
-9.0,2.6352331211116375
21.0,12.536188562887215
22.0,19.66499939610588
22.0,19.59897169121742
20.0,19.20266198829364
21.0,19.389391596721886
21.0,19.24957591146635
22.0,19.361477880850167
3.0,11.374348994630084
-8.0,11.374348994630084
-2.0,11.08987783853529
10.0,11.81197779454056
21.0,18.413973128143635
