"tx_power","prediction(tx_power)"
14.0,17.012808905892
5.0,0.6120605849609042
10.0,0.6120605849609042
-4.0,0.6120605849609042
8.0,0.6120605849609042
-3.0,0.6120605849609042
-5.0,-0.3399113128219984
-8.0,-0.3399113128219984
-2.0,-0.3399113128219984
-10.0,0.6120605849609042
3.0,-0.3399113128219984
-4.0,-0.3399113128219984
-3.0,0.6120605849609042
-2.0,-8.959946094586144
-12.0,-8.820032910244187
4.0,10.706992549844358
17.0,7.654263007348346
7.0,7.654263007348346
7.0,7.654263007348346
5.0,7.654263007348346
19.0,7.654263007348346
19.0,7.654263007348346
7.0,7.654263007348346
15.0,11.378989544270176
21.0,6.958447082312021
21.0,16.462765724800196
-13.0,-7.983044396259384
6.0,-1.8830843841563212
8.0,10.722945699859938
8.0,6.781957492069176
21.0,9.274836389288934
6.0,3.192710669583569
3.0,9.91205444755658
19.0,17.535486431157825
8.0,17.522810619230558
15.0,17.945801625660188
22.0,18.307190277649973
15.0,0.17952397489284344
7.0,9.24262648500942
7.0,9.24262648500942
21.0,18.2846988335223
3.0,15.047327947954134
3.0,15.047327947954134
-4.0,-1.3369230658660545
-10.0,-7.929925906153702
3.0,15.826719281978168
-30.0,3.189529672256503
21.0,19.1342643982994
6.0,0.03907131437670941
22.0,19.301510143265137
6.0,6.229978559672217
-12.0,-0.40427166984904694
9.0,0.07288297117522902
14.0,17.843267977518327
22.0,19.628767187717646
19.0,17.960568020734573
14.0,18.294889504417682
22.0,19.703384046634607
22.0,19.703384046634607
22.0,19.56999875432294
-1.0,1.5019435540057646
2.0,1.9734124066249112
10.0,17.95520083027422
22.0,18.979830770069732
-9.0,7.12055718914604
17.0,17.538845959659568
-9.0,-1.93923876205519
22.0,19.5509052829768
22.0,19.424916345999534
13.0,15.08317439750764
21.0,19.25152687105508
12.0,3.192710669583569
2.0,2.7594941069938823
22.0,19.597918810760497
22.0,19.597918810760497
-8.0,2.104399190044939
-8.0,2.104399190044939
-2.0,3.746548975622579
5.0,3.688288588476169
22.0,11.336314958178876
21.0,19.199882034343112
11.0,14.241121509607616
21.0,18.979201926524013
22.0,20.017950924108646
22.0,19.95613518103243
22.0,19.913618158104377
22.0,19.84154145091271
22.0,19.917764283600786
21.0,18.31625468865976
17.0,19.340671432591414
21.0,17.502993955249163
-12.0,-2.5433383535568552
2.0,6.019379709622316
17.0,7.304277070783413
14.0,1.9484752504040301
21.0,11.223273492087259
10.0,13.723087346442998
19.0,15.01190492776211
19.0,15.01190492776211
21.0,16.81336305236131
16.0,16.38895222326165
21.0,17.58620541273866
21.0,18.85934480435642
21.0,18.811414095992237
21.0,15.923672594340097
22.0,19.20261014295987
21.0,12.748086161415843
2.0,-2.1663078875215085
6.0,17.552466302728465
-14.0,-1.8571900522544098
13.0,11.244535952469347
17.0,13.70412483730602
20.0,19.949086767688534
22.0,20.07396209148989
21.0,18.590579968059384
21.0,19.103739715935955
22.0,19.786809851427304
21.0,17.553275796245973
10.0,3.3211912201984397
22.0,19.983311539623767
14.0,2.196125253533669
16.0,19.10622346630248
18.0,14.55775417924975
12.0,4.858147670029494
21.0,16.35366493796178
21.0,13.436373880004922
8.0,-3.579629911752182
16.0,8.950060839983665
22.0,19.72424333360501
17.0,10.02465470413447
22.0,19.677085029794465
19.0,19.22778773970498
21.0,16.41012459444157
22.0,19.32872608937645
22.0,19.99284762826551
22.0,19.974291880108673
22.0,19.733885367413645
22.0,19.733885367413645
-12.0,-0.21059620335153006
9.0,14.523059951904168
10.0,3.0742057024683227
-18.0,0.014501053799858
1.0,-4.616623499959179
3.0,7.276789226465895
8.0,3.4895315042910298
5.0,-5.328071412193694
5.0,-5.328071412193694
14.0,19.1606007461236
21.0,17.019990847164518
5.0,12.503407002419543
-11.0,-5.324096556414233
-24.0,-4.9987906274299725
21.0,18.603247977636432
21.0,19.100127209795794
21.0,19.100127209795794
21.0,18.502823983071785
22.0,17.950494657207688
22.0,19.404507225837598
17.0,18.33282157094189
21.0,18.577911958482336
21.0,15.522009375567245
6.0,18.7149321660153
-10.0,-6.323295971087653
4.0,11.994630588138063
21.0,18.716677293089386
21.0,15.87525926975442
22.0,19.883103865530362
21.0,17.845045871743498
13.0,6.164964429393093
17.0,13.075192205157178
21.0,19.432733808759583
7.0,-3.6836120716337
10.0,14.189416995930765
8.0,12.68531169166123
21.0,16.77278285091542
19.0,11.252601023648758
5.0,6.340913602799548
22.0,18.094336295497015
-30.0,13.486868731960373
6.0,10.56185063171735
18.0,14.642326111168554
18.0,14.642326111168554
18.0,13.876694773293583
21.0,19.342067298019302
22.0,15.513906900562136
14.0,16.81336305236131
21.0,17.014188937755453
22.0,19.331520105316372
14.0,15.283206854623552
-3.0,-0.7435391532314224
20.0,10.092427082855966
21.0,19.09953856100504
-3.0,-0.10983914885705026
22.0,19.10611056855855
21.0,18.32039640923029
14.0,19.23101166154474
12.0,11.723613074548705
22.0,19.530794841846955
19.0,9.871121729886413
22.0,19.416057379226363
21.0,18.768501953926744
22.0,19.33699406064008
21.0,18.353530173794553
-18.0,-3.9394594907588463
-1.0,-4.71979339957214
-7.0,5.996858876243639
1.0,12.449665006405052
5.0,14.714639727263966
7.0,15.056158888114588
13.0,1.049462579495522
21.0,16.24845161540692
15.0,6.04171718078326
19.0,17.577123580620896
21.0,16.783340666364335
-6.0,8.363070021597746
15.0,9.421479442222607
14.0,16.637558321118682
5.0,-4.770581113137194
-7.0,-4.71979339957214
12.0,4.674235839466117
9.0,11.19774521121243
9.0,11.19774521121243
-1.0,18.520905915385622
1.0,7.826239380171938
1.0,4.758345471357215
12.0,7.579848442405642
-6.0,-2.9321166794602256
6.0,-3.4242747978325845
21.0,20.001366422123013
-4.0,11.239403634446083
16.0,10.617570555014824
8.0,5.323940382342361
1.0,1.1943267311225636
-3.0,2.7118594746840383
22.0,19.828367574714306
22.0,19.608179338631487
21.0,19.622554373316095
-17.0,3.3211912201984397
-3.0,-7.184053037667336
-11.0,-7.184053037667336
4.0,-1.8532361601233251
2.0,0.45858805385540435
21.0,16.252406163134914
8.0,18.080530560261906
8.0,4.68439381998447
21.0,19.339359497696716
15.0,10.593764346921098
21.0,17.24448343361605
21.0,20.201701229959
19.0,13.822522984320742
-2.0,3.197778687801353
21.0,17.0765594639029
8.0,6.137105468764763
16.0,18.519639114427918
21.0,14.10808344674242
12.0,10.618502137802727
19.0,19.229318195385744
14.0,11.723613074548705
9.0,9.213632436540419
21.0,18.80853575127839
21.0,18.819767897917863
21.0,18.16279918116222
22.0,19.345941335445602
17.0,18.97836537890572
22.0,20.015048636261156
11.0,15.661622583869217
9.0,17.40775430425999
22.0,19.7337882514793
16.0,11.869888155840744
6.0,10.563413799096004
18.0,7.5545478397220345
22.0,18.590579968059384
21.0,16.9773749158863
17.0,19.418572188324248
13.0,18.33006042389487
21.0,17.22292220303191
-5.0,-5.31953713917261
-6.0,-7.2798076593489185
22.0,20.31725442001777
22.0,19.87725319285254
22.0,19.83614982963848
22.0,19.837188235769382
18.0,18.307971247518694
22.0,19.933942082408485
22.0,19.972719683018063
21.0,19.18041067890278
21.0,14.774092767363596
22.0,20.076449766787732
5.0,15.87525926975442
10.0,7.34565704422778
22.0,19.102384943008758
22.0,19.22513481938953
3.0,-2.1427834420552934
21.0,10.617570555014824
21.0,10.617570555014824
14.0,9.478607314715031
21.0,18.986628567281137
22.0,19.67431252934614
21.0,17.97300782397904
6.0,-2.1361265109427165
22.0,19.709674089692022
22.0,19.709674089692022
21.0,18.95700171891163
19.0,19.153438655915362
-3.0,4.232940133169691
21.0,15.846744422559604
-1.0,-5.325853384438432
22.0,20.64377274871585
22.0,20.680466707232885
21.0,18.958915140001043
22.0,19.73133383698808
16.0,18.79605558834565
16.0,6.423195788777205
15.0,7.940838303573354
-10.0,4.841097625971651
-8.0,4.841097625971651
-14.0,-1.4427209273972945
15.0,7.634064019584802
21.0,18.958915140001043
-15.0,1.9129218898006641
8.0,13.760929965129119
-12.0,4.438187178943512
18.0,19.350543989985013
21.0,16.335682823293478
7.0,4.763167721393302
7.0,10.352950648368507
-1.0,8.848819155799212
21.0,19.10136886331336
21.0,19.222489574019885
15.0,11.951443477759733
14.0,18.61338238529807
21.0,19.102046249776958
5.0,14.227266185631983
22.0,20.009658673115826
21.0,18.841487107592066
9.0,7.940838303573354
21.0,19.097447191959304
-13.0,9.213632436540419
14.0,7.940838303573354
14.0,7.940838303573354
3.0,7.940838303573354
14.0,7.940838303573354
15.0,9.213632436540419
19.0,17.107450968889637
22.0,20.01131712331439
21.0,19.788225859787623
21.0,12.71038331938443
18.0,9.96190516519827
-17.0,7.857936954729776
5.0,2.9992674371496886
5.0,2.9992674371496886
21.0,15.669357714401725
22.0,18.986355503576554
21.0,11.995643185044628
3.0,4.7396778652877725
10.0,0.4690978440895641
18.0,17.40626630471941
21.0,19.533940059561292
17.0,19.231088223319944
21.0,17.137739523358725
21.0,14.936806350794159
21.0,19.09615200975601
22.0,19.992018403166224
22.0,19.786243448083177
21.0,11.76695672136246
21.0,17.746458721074983
22.0,19.923568859295756
-7.0,-3.0221733970966085
20.0,19.434165035203904
22.0,19.529896208214286
22.0,19.909886645157606
22.0,19.909886645157606
21.0,17.534241358199274
22.0,19.504734466499585
22.0,19.221431475872027
21.0,17.063505167732504
22.0,19.326211280278564
13.0,15.83707099752733
21.0,18.70130535799123
22.0,20.014219411161875
22.0,19.872013393083684
22.0,19.91113048280653
-9.0,-5.405352684917034
-16.0,-4.6330255200385295
21.0,18.674373513740548
2.0,-6.596046278680927
22.0,19.530648526081386
22.0,19.584285014386815
-1.0,2.257729440147891
21.0,19.429394280389502
21.0,16.342858839719643
13.0,7.496717890730932
-2.0,11.770671891089354
15.0,11.142630868514352
-21.0,-6.856204825123548
21.0,16.81336305236131
21.0,18.638718404452163
22.0,19.914447383203658
21.0,19.22566386846346
18.0,11.723613074548705
10.0,16.38542349473166
-5.0,-2.9543111797679913
22.0,20.052590308593516
21.0,18.959297824218925
18.0,17.737530723831508
21.0,16.214837959718963
22.0,19.676642955967782
22.0,20.082254342482706
16.0,11.836360117236826
4.0,2.126897871841644
21.0,18.660645334514527
21.0,19.217032783850225
16.0,14.520091844954646
-3.0,12.851301464616041
21.0,19.923380789610803
21.0,19.924624627259725
21.0,19.22717313825102
21.0,18.5145719105971
3.0,8.393637813712889
-2.0,9.449276577271942
21.0,18.704150394561825
8.0,-1.990530856487883
21.0,16.783113000004548
21.0,16.783003702288006
21.0,18.85049089708019
-14.0,-1.0214628494917388
21.0,17.823834697185095
21.0,16.700299870740874
11.0,18.79605558834565
22.0,19.97916541412736
22.0,19.941623741795
21.0,12.68531169166123
10.0,12.552030713099322
10.0,12.552030713099322
8.0,11.103319698148997
10.0,1.9346171765017282
13.0,11.723613074548705
21.0,19.84154145091271
10.0,1.5118613475946336
21.0,19.231463252520474
14.0,18.321776982753804
22.0,19.670819856522776
8.0,4.103768261634082
-9.0,2.312248085674316
22.0,11.258375303196711
-1.0,-1.9886210208395863
22.0,16.78323415402092
1.0,11.856849474161443
21.0,16.150007244625414
21.0,19.43684031316614
22.0,19.341438193072268
20.0,19.613239192050656
21.0,20.190086015772508
21.0,17.512324190870196
4.0,12.231674535750876
21.0,16.54452558661417
21.0,17.007285361639056
11.0,15.010596035826087
7.0,2.3574466958526
19.0,19.478516612166302
15.0,14.837259541959403
21.0,19.12659874997275
3.0,11.551648445576912
21.0,15.545410889635374
18.0,19.280206855337767
21.0,19.12938860172714
9.0,18.764465152812846
-3.0,10.44152912238185
22.0,19.617599623469253
12.0,9.83591262871682
21.0,14.02913738048751
-12.0,6.709919056709946
22.0,19.619178657544285
22.0,20.23814176394427
22.0,20.026167322435715
22.0,19.933954866822713
21.0,17.783875428308196
6.0,13.61806187819794
21.0,18.876218030370104
-1.0,10.951879696111444
21.0,17.16659200210565
22.0,19.50114863050545
22.0,19.59318885539477
7.0,11.008006362972363
-3.0,12.501519894326156
12.0,11.462131301209439
21.0,16.880848816306166
21.0,16.880848816306166
21.0,19.892931895518736
22.0,19.83519330280798
22.0,19.664876885908768
22.0,19.490313656598907
18.0,14.387585545795952
22.0,20.06662483769662
22.0,20.151958352715933
22.0,20.117505308508445
22.0,19.023758789893446
19.0,14.58739063548158
22.0,19.826330296146047
22.0,19.837852204806556
21.0,18.223368135659896
21.0,19.126823557374657
21.0,19.701934226241594
22.0,19.524839384698566
4.0,14.428858621773003
15.0,17.54987069185558
21.0,18.002230716296687
6.0,2.678184560768056
-4.0,11.008187248525411
13.0,11.008006362972363
21.0,16.444867105942787
-25.0,8.986892473235567
16.0,17.771664680828888
21.0,17.769920288331843
21.0,18.300828059149207
-2.0,-3.224020578818614
22.0,19.126547672133647
21.0,18.301927959109406
21.0,18.301927959109406
22.0,19.944044349481054
22.0,19.83723659360508
22.0,19.82339903222509
22.0,19.831943533698603
22.0,19.68886847831001
21.0,18.11387183610751
11.0,18.03886295873461
22.0,19.95077067125328
21.0,19.81291603117964
20.0,19.23426708606858
-8.0,13.267345097532402
16.0,19.125025098159398
4.0,6.742136841602315
20.0,14.924669850820163
22.0,18.773726031761935
22.0,19.23940425648774
19.0,19.21142007741539
11.0,13.626149729668533
15.0,11.692595265940462
11.0,1.0364638893240148
12.0,15.0634750428305
20.0,16.04218033815792
22.0,19.120740666231907
21.0,18.053014106531677
21.0,18.528646517293602
22.0,20.073728589741737
22.0,20.114841401491525
19.0,14.162699397770131
19.0,14.31066462204194
22.0,20.034154829540235
22.0,19.823671394147468
22.0,20.16406386776557
17.0,19.886727790855385
22.0,19.61365203828168
22.0,19.946987115256402
9.0,-1.2185805850952107
5.0,13.175801041488302
7.0,13.90348279074277
20.0,14.919154781732042
1.0,1.431915513973447
1.0,17.668745523503283
20.0,16.059172440045046
21.0,17.288124368389447
19.0,15.185976602345189
11.0,16.742777726376602
16.0,10.923942617923755
21.0,15.974354133349522
7.0,7.806746404109362
14.0,18.00746389378782
21.0,19.236330790802874
21.0,19.436492185128248
8.0,12.824410103606617
22.0,19.528907846379774
22.0,19.681456743696593
22.0,19.43504139157562
22.0,19.88162441673757
18.0,18.95819072816158
21.0,19.767708762203902
22.0,19.523740855816335
21.0,19.123676253747956
22.0,19.65303413034604
15.0,18.60451180579869
21.0,18.35103869270587
16.0,14.482256744900088
6.0,15.1920932286722
21.0,19.014319150688817
19.0,17.88666492768764
21.0,17.07114380857169
21.0,18.64172526120128
21.0,16.721811411986877
21.0,16.53145128325556
21.0,18.1173606211016
22.0,20.604826757744178
22.0,20.318906121652688
22.0,20.247425962629816
22.0,20.211685883118378
22.0,19.87327930792435
-11.0,-4.868808128182103
22.0,19.569708079257865
13.0,6.674920334351729
4.0,14.837259541959403
-16.0,18.235581236170738
22.0,17.977863453381826
21.0,19.83555931343781
22.0,19.776863842986423
22.0,19.236948886580038
8.0,3.9341770108283214
18.0,12.21756692187937
9.0,1.0064452695587995
-11.0,16.0274045973865
6.0,-4.876274304407122
21.0,13.118346568973553
8.0,14.339788318631475
22.0,19.53008661614129
22.0,19.436582859725284
22.0,17.86263989318318
14.0,17.059696466597572
15.0,12.021826958830959
