"tx_power","prediction(tx_power)"
7.0,1.0711275848451258
-9.0,1.0711275848451258
9.0,1.0711275848451258
-8.0,1.0711275848451258
-5.0,1.0711275848451258
8.0,1.0711275848451258
7.0,1.0711275848451258
8.0,1.0711275848451258
-8.0,1.0711275848451258
-9.0,-0.19394003651826885
-13.0,-0.19394003651826885
6.0,-0.19394003651826885
7.0,-0.19394003651826885
3.0,1.0711275848451258
-10.0,1.0711275848451258
-11.0,1.0711275848451258
7.0,-5.901394595505076
-13.0,-8.74046341231199
-18.0,-8.883383782125852
-31.0,-8.883383782125852
-3.0,-8.74046341231199
4.0,7.512519672859327
9.0,7.512519672859327
1.0,7.512519672859327
16.0,7.512519672859327
21.0,7.512519672859327
7.0,7.512519672859327
-1.0,8.5196781370339
19.0,7.512519672859327
-5.0,7.512519672859327
19.0,4.878319329658513
22.0,17.450552087227074
6.0,3.9074781723970666
11.0,11.640664068524089
22.0,19.328082924908827
22.0,18.930569452674103
22.0,19.497547708922955
21.0,18.37575435230087
21.0,17.073584739080097
12.0,-1.2173893635885022
5.0,9.04052189948644
3.0,8.043091954460731
3.0,19.27478294626331
10.0,13.833762041194115
-4.0,0.5485107931221602
12.0,12.963406443410134
18.0,15.963065211015795
21.0,13.580382257068095
21.0,13.035087117499723
22.0,17.800868856083753
10.0,3.9460719205945036
22.0,18.845594794574946
-1.0,6.684291128072995
22.0,17.12942500203276
14.0,16.67320077645463
22.0,19.61769727297235
22.0,19.583570496963464
22.0,17.815063679905943
21.0,16.07062646990106
22.0,19.321878296436864
3.0,5.918005607061703
22.0,19.550890046637107
22.0,19.122403212673746
14.0,3.87946444696761
10.0,14.504509054812612
-10.0,-0.9652087739278752
21.0,14.149270930402832
6.0,8.272616990951263
-10.0,-1.9087118541068886
22.0,12.862191669484288
6.0,3.861851373033039
22.0,19.03982593864165
14.0,12.034500158468218
17.0,10.09806477025851
-1.0,5.837094173955547
13.0,9.464376769457338
22.0,19.547568995219695
21.0,17.471095010762475
22.0,19.13675332011166
-7.0,1.3355444202243323
22.0,17.82917789784689
7.0,15.12847039703932
21.0,18.53502566513131
22.0,11.96774379213322
9.0,-0.46742250210823855
-8.0,2.739423386231474
21.0,15.757385620616558
22.0,18.34189968686713
21.0,17.513825766050076
22.0,19.140538676784097
21.0,15.268661525310055
8.0,14.725493920296707
21.0,16.490382843826595
21.0,15.205784691759007
7.0,15.191109416840979
21.0,15.70339644603338
14.0,8.94492792894156
21.0,16.93917113465279
21.0,17.32869913337796
15.0,13.181305056873267
8.0,8.251553944287021
11.0,13.380048204520063
18.0,12.655941851197547
13.0,10.195765223634753
8.0,8.287222250451668
21.0,18.121168616466246
19.0,19.14523898590978
22.0,19.487110330032916
19.0,19.126186288143508
21.0,18.93575618932621
16.0,10.436693415913215
15.0,12.604385682562501
3.0,11.37073129251112
22.0,19.238805158426892
22.0,19.128001400005008
21.0,16.163619610436545
21.0,16.149197359258253
22.0,18.946499288397188
18.0,11.632507240958512
11.0,5.063274113392982
10.0,1.397573321496461
1.0,11.986889003700123
-5.0,19.133019526798336
21.0,11.56237328018204
12.0,10.390001629804708
12.0,10.390001629804708
21.0,18.654785751865973
6.0,-2.357325579880767
19.0,16.574881340061065
21.0,16.160972764446214
18.0,18.770791520356283
7.0,6.42014946568072
22.0,19.278645636998732
19.0,19.280588327285173
-12.0,-0.6413205920953082
-4.0,8.593976155541423
17.0,2.430484623876339
8.0,4.018410731080172
9.0,4.408164079882178
4.0,3.423284639299858
21.0,14.733383128450747
12.0,-3.128764106836039
12.0,2.422198113798082
18.0,19.13146236964277
21.0,17.786364047652548
21.0,17.814525187981204
15.0,5.9305450622240805
22.0,17.998106715274602
22.0,19.11433809347198
21.0,15.68498659118455
22.0,14.163977409174798
-8.0,1.2930324822882664
21.0,16.644461484792657
21.0,15.191109416840979
21.0,19.34638690693849
22.0,19.514163144141815
22.0,19.513687036354167
21.0,14.678912033321183
21.0,14.678912033321183
22.0,19.515829521398576
13.0,6.579028387312667
22.0,19.371331073675176
17.0,10.959105623665415
22.0,19.23772276425892
18.0,18.6336615601927
17.0,17.008194982434077
22.0,19.318024273956237
21.0,15.728879313918103
-1.0,-4.285233318694123
17.0,7.264401478875609
-10.0,-2.3621718887558085
21.0,18.341303298261163
-4.0,5.08106191024307
21.0,16.65610009354574
9.0,3.933855106150002
11.0,16.216318521271464
-6.0,-5.084353286205738
2.0,8.884815640084573
21.0,16.603490190254124
21.0,15.69564356305299
22.0,14.610151663700528
19.0,18.166114771570694
22.0,17.953788359982376
10.0,10.578710801174886
11.0,14.73106799288007
21.0,11.780133164613146
22.0,19.318024273956237
22.0,19.31855691009367
14.0,16.198246435374504
21.0,11.986889003700123
21.0,18.352038293168576
15.0,15.758814170261772
21.0,10.017713630078493
21.0,16.08725058971461
12.0,11.534082595494025
1.0,11.951530816478238
21.0,18.634213310720263
19.0,9.213985703729612
10.0,-1.786288313925482
11.0,15.23199553206361
-3.0,4.098486175232573
21.0,18.528678851029543
18.0,12.660642543685844
15.0,16.537248074036764
14.0,15.734482822088143
21.0,13.317156214121924
5.0,-5.12681852573674
8.0,-4.285233318694123
21.0,11.956182535438458
6.0,3.9447257342893955
7.0,6.831943432686456
21.0,6.831943432686456
5.0,15.246374111543416
9.0,17.098050021129115
14.0,3.9326833794362788
13.0,6.500725624002609
11.0,12.658081090616246
-4.0,10.15451494512223
14.0,10.290051574520522
16.0,10.270750971497161
7.0,-0.3104188298669044
21.0,11.637511609545356
21.0,6.8476349039966395
5.0,5.061875338377677
22.0,19.372011711318468
21.0,18.34905635013874
17.0,19.270803773093295
8.0,3.9660114640136968
-8.0,1.055978784344136
13.0,13.396835233780452
21.0,16.629067357694865
21.0,17.825445982005302
12.0,18.931359772186216
22.0,18.931359772186216
-3.0,-2.7268430590138397
-24.0,5.4378949052590855
2.0,0.7766819606751554
18.0,11.950367886738183
22.0,19.23505742753867
-11.0,-0.68057338802633
10.0,17.473980017726504
22.0,14.070264611041507
3.0,9.277285131220847
21.0,19.547500550702857
21.0,15.739330105539645
10.0,9.5639975672926
21.0,13.398126543723556
20.0,11.176268074609004
20.0,15.757096387691416
1.0,12.64708802059658
21.0,19.17647902637734
21.0,19.26340258111852
21.0,19.54630432340373
22.0,19.598348123985872
21.0,17.463452222157144
17.0,10.51829431065697
21.0,18.79551637490634
16.0,11.82252220564574
20.0,18.48936971166018
10.0,5.92149802371579
22.0,19.17511598441515
21.0,19.14566245775587
20.0,16.197399306348082
22.0,19.276565786472965
22.0,17.45587630869614
22.0,19.400726184569294
22.0,19.51392509024799
16.0,19.235926217054708
21.0,18.502855230513035
21.0,11.86914264115366
21.0,17.871254757693947
22.0,19.843583604455315
22.0,19.35113069964775
22.0,19.215356780415302
21.0,18.080659220367686
22.0,19.69656307930894
22.0,19.67309368205808
22.0,19.35569435318753
21.0,18.580515715865864
22.0,18.88997546695354
22.0,19.321208365677023
21.0,19.14650940144805
13.0,-1.5306169231653257
21.0,15.259827214948224
5.0,12.501738258080955
-4.0,6.631993636915288
21.0,11.45196643113658
19.0,13.181305056873267
20.0,13.472916679046364
22.0,19.467343739255394
22.0,19.241156513858922
8.0,11.565161439211407
-20.0,-3.1228575946453336
21.0,17.073063953699886
6.0,5.175746056049878
13.0,14.110983519204325
10.0,16.17346460176855
9.0,5.074153310662728
21.0,18.514775026721825
21.0,18.32144980011461
11.0,15.264980562659291
21.0,16.214059510534344
12.0,5.92073032866926
21.0,18.743234253112874
-6.0,-7.074983347261936
22.0,19.855109378447043
21.0,18.487349531696292
2.0,11.534082595494025
6.0,10.962743699488382
21.0,19.004456380179306
1.0,7.89537119074019
2.0,6.831943432686456
15.0,6.831943432686456
11.0,7.89537119074019
15.0,6.831943432686456
-10.0,5.4946515310933375
12.0,12.660555687496823
21.0,18.503480936693144
21.0,18.653904402419077
-6.0,4.180209784751272
21.0,18.064635295851417
21.0,14.765795026440244
21.0,19.135021453821153
22.0,12.651923167251612
19.0,18.931359772186216
22.0,19.208203266279128
16.0,17.75454801474155
-24.0,-4.7291037816269945
21.0,15.756605592671313
14.0,8.94492792894156
22.0,19.4359067154314
21.0,17.825445982005302
14.0,7.738511034138343
13.0,8.94492792894156
13.0,16.200505446111624
21.0,18.287680920134108
12.0,7.89537119074019
1.0,8.94492792894156
2.0,7.89537119074019
13.0,8.94492792894156
14.0,7.89537119074019
11.0,7.89537119074019
13.0,7.89537119074019
8.0,0.9630512845595707
22.0,19.276397409627734
22.0,19.4359067154314
21.0,17.465557781271016
21.0,10.918920559111584
13.0,17.075681267508305
17.0,17.848211308778083
19.0,8.510850177066644
8.0,14.779613169153567
-25.0,-3.572980987932864
21.0,18.472578319746745
21.0,10.82268288805171
21.0,17.84615784399702
14.0,8.27568602804296
14.0,10.51829431065697
21.0,13.396835233780452
-2.0,10.327529745451868
10.0,11.986889003700123
21.0,11.50333602037808
-4.0,6.831943432686456
3.0,-2.055891510846042
3.0,5.236703942012086
22.0,18.765837848083365
22.0,19.023129046212713
8.0,3.301947524095521
-13.0,14.73106799288007
21.0,15.203133150368773
21.0,18.451653520112338
22.0,19.479466789391367
22.0,19.38317740929051
14.0,1.5583772197778405
9.0,11.404739249698084
22.0,19.29411032424879
21.0,18.918117527764853
22.0,19.030569992282516
21.0,14.152164212985104
-1.0,-4.359993020434457
22.0,18.183089504758904
17.0,10.8923380254819
11.0,5.988355563506402
8.0,0.25244076513684277
17.0,8.385418586648791
5.0,2.8652926145472506
20.0,19.17189763718305
4.0,16.497710031162093
21.0,18.104962710446525
-2.0,6.25054961080149
22.0,19.193558991993715
12.0,6.742185708427456
17.0,11.534082595494025
3.0,5.378901377354277
10.0,15.257495938602741
10.0,10.49932846410671
-11.0,-2.982322587831769
-2.0,11.781829640518218
21.0,19.44958314459581
15.0,16.664693081149284
21.0,16.219989413719286
21.0,16.64252284081092
-6.0,7.268479122763776
17.0,12.579572805433163
15.0,5.91673226522237
-14.0,-1.492102899254423
21.0,13.368404146265743
5.0,2.784100965289751
22.0,19.315127842146783
17.0,18.797058736438416
-1.0,11.859639574664902
19.0,10.760687130827838
19.0,11.534082595494025
22.0,19.405830966893987
21.0,18.18577325348576
9.0,0.8726643616717862
21.0,14.647754441461135
22.0,19.193574845698066
22.0,19.193574845698066
22.0,19.47983157585781
22.0,19.508164785581023
22.0,19.27648311604493
21.0,19.063267337000845
22.0,19.302531713669918
21.0,15.754642412590906
22.0,19.280863846820047
22.0,15.730761561553757
11.0,-1.3218268097559598
21.0,18.50379419722784
21.0,18.762104735774283
1.0,12.90314923273113
11.0,15.512202910009627
22.0,19.236265981682262
19.0,18.801478989052935
21.0,18.10056318299045
7.0,17.24976157659464
19.0,15.317571927147597
21.0,16.972629647750118
4.0,3.068561067800509
-4.0,15.395098476341829
-3.0,0.4634515195877338
-3.0,0.4634515195877338
22.0,12.996156152998104
9.0,18.01939960087576
21.0,11.649640318309345
10.0,7.598617361580766
21.0,18.963061726655887
22.0,19.15221949811418
21.0,16.13411672711986
5.0,11.434417978002692
5.0,11.434417978002692
21.0,19.18185987966411
22.0,19.317794041136175
21.0,19.145790133292543
22.0,19.316330157135255
10.0,17.932821773732666
21.0,18.185920642806565
-2.0,11.642648392519733
13.0,14.858861396822899
21.0,17.07148159954576
22.0,19.115694711336968
2.0,9.868498570967933
-7.0,7.083135909849486
22.0,19.108325549258815
21.0,18.211555032217472
7.0,10.998364751739434
18.0,19.23922784083146
1.0,3.223764192306721
22.0,19.270739791743694
22.0,19.27091435627366
21.0,18.900692306641712
22.0,18.92676729038866
22.0,19.51159722449117
22.0,19.011785832879276
21.0,18.367455943816886
21.0,18.105313013934662
4.0,12.273461202323457
-5.0,9.016056121336081
-4.0,11.07105353536917
5.0,16.307823735850036
22.0,19.066231449596174
21.0,18.187593874778504
21.0,17.566734733038672
21.0,18.18123999667291
12.0,11.372631257643786
21.0,15.84344342119509
-20.0,8.656266347637748
2.0,6.759873179509401
18.0,12.242225824145386
7.0,5.714628768626962
22.0,19.33403799702785
20.0,13.45211021864212
22.0,18.125024814906027
17.0,19.29543789506929
22.0,19.198803633767263
21.0,17.07622878372528
11.0,10.568573371911278
8.0,10.575973175818671
22.0,18.918383831915673
21.0,18.786099821161933
17.0,11.419717107881777
21.0,18.513218212660753
21.0,17.697259490436362
8.0,1.4386503429617008
20.0,13.852895424511534
20.0,13.285965533275766
5.0,17.699780378840515
21.0,17.934490591482206
9.0,16.641217932864805
5.0,10.508925514313638
-10.0,-2.005123830374174
21.0,12.897632147044355
11.0,9.948001398221358
22.0,19.27020525555678
22.0,19.36328652864248
22.0,19.335167300449978
22.0,19.33532641193821
21.0,18.097687974308
22.0,19.30216838989486
21.0,16.042137315765274
6.0,9.246019365476675
10.0,7.981642920714065
22.0,19.067745854802904
22.0,18.5818520730683
21.0,18.585309222156038
6.0,12.962717921861179
13.0,11.712424130373694
13.0,11.712424130373694
3.0,3.179396978512429
21.0,17.933760771121378
-2.0,3.084832028792823
21.0,18.974697711299445
22.0,18.095280843180294
21.0,18.243931901601226
18.0,11.765854962030124
14.0,16.698945909481516
21.0,13.006762617689468
21.0,17.033244023197668
-4.0,-5.620278394261094
12.0,4.445986955682148
12.0,4.445986955682148
21.0,18.693736226168397
9.0,15.809427750588693
21.0,17.73124760232507
21.0,14.065570637736489
22.0,19.363769616711227
17.0,13.852895424511534
9.0,10.57212295326955
4.0,13.431265220646424
21.0,15.907951118141995
19.0,13.495108042017934
22.0,19.39532742772381
22.0,19.453282355773048
22.0,19.424228449458468
22.0,19.48074769756733
22.0,19.452348787461446
19.0,11.402856261735373
21.0,18.499180886791972
22.0,19.238733224664937
22.0,19.363024378584218
22.0,19.27027278895839
22.0,19.028161864086165
21.0,17.56262471034852
2.0,18.64472264060099
21.0,17.847930106816115
21.0,14.170588490571761
22.0,19.23217960002193
21.0,12.276588104824143
19.0,15.805582507802042
12.0,10.38897193094397
12.0,10.38897193094397
21.0,19.06148773340909
21.0,17.951933160475136
21.0,19.144982450811074
21.0,18.584617792338488
21.0,18.197395897075623
14.0,11.916357043575381
21.0,18.31699769000765
19.0,8.270247480207559
14.0,12.339075632400105
21.0,18.216289372315217
-1.0,14.51202019166145
22.0,19.194166447446392
22.0,19.270018795406997
9.0,7.142035460539017
21.0,15.627614659755029
21.0,19.068414989748774
21.0,19.068414989748774
22.0,19.335167300449978
21.0,18.6426321926326
22.0,19.193376667675967
21.0,18.548923806919603
21.0,16.53400744647294
21.0,16.53400744647294
10.0,6.81280294012403
21.0,18.92723362020258
7.0,14.83358836175549
22.0,19.61589412188946
8.0,16.678741117665666
13.0,6.545270065928686
21.0,18.92724032705083
-25.0,14.19509686034289
21.0,17.460829082019487
19.0,19.2268535658793
21.0,18.387107839765235
21.0,17.107685256938524
21.0,18.52826353452341
21.0,18.447792485711673
21.0,18.182652256893277
21.0,18.187713391347927
6.0,-4.319481594404083
5.0,9.011528377201648
21.0,18.519905118746962
11.0,7.855834212247384
22.0,19.362703824814986
22.0,19.153401590274818
15.0,11.911180441663877
15.0,11.876787998262587
