"tx_power","prediction(tx_power)"
-8.0,2.5007551047811294
-4.0,2.5007551047811294
-7.0,2.5007551047811294
-4.0,2.5007551047811294
-5.0,2.5007551047811294
8.0,2.5007551047811294
-2.0,2.5007551047811294
3.0,2.5007551047811294
-6.0,2.5007551047811294
1.0,7.427466895495999
-1.0,-8.116910028881087
1.0,-7.868166670147062
-1.0,-7.995897719715543
-19.0,-7.995897719715543
-14.0,-7.995897719715543
5.0,8.577794704835647
20.0,8.577794704835647
20.0,8.577794704835647
19.0,8.577794704835647
18.0,8.577794704835647
7.0,8.577794704835647
-5.0,8.577794704835647
6.0,8.577794704835647
11.0,0.23237020393632868
-2.0,-2.4672711727569983
21.0,17.351072182938665
22.0,18.92281696036926
21.0,17.46589161309998
6.0,5.1437913457955435
20.0,18.350133029199068
17.0,18.47666177266932
17.0,15.563168122073204
19.0,12.503113160760899
17.0,11.490031460698031
-11.0,-2.818395563518674
7.0,11.591931334356733
20.0,8.870254484116604
11.0,17.627139591033668
20.0,18.69483068083303
21.0,18.223121307864357
13.0,14.117473257638425
-1.0,7.567100018149503
21.0,14.05202963876774
22.0,17.527994290427785
22.0,19.42023623515085
-3.0,8.280712888717355
-9.0,4.978277735740953
20.0,19.49229934550437
21.0,15.557802699950683
17.0,16.092359424893665
20.0,18.079432137908135
17.0,3.7134197867740646
14.0,18.43220803806281
-5.0,-2.2160224975871223
-4.0,-1.5837027703128932
4.0,-2.4697239562695756
22.0,19.352871940021267
13.0,14.983686605350913
21.0,17.717204701779885
11.0,5.13618538411138
22.0,19.54381386643986
22.0,16.047820257087466
21.0,14.832850086845475
-9.0,-5.660389077317458
17.0,18.23351716013717
-26.0,4.4319100566817635
22.0,19.60546045345993
20.0,19.639251369009656
19.0,19.592977435537897
2.0,-3.1905907336610753
-2.0,10.025269291328584
-3.0,2.8178230415056618
18.0,10.315740402438475
18.0,10.315740402438475
4.0,7.734944182122052
21.0,15.990044065206284
22.0,19.02656314864886
22.0,19.02456723119937
22.0,18.666277875079093
22.0,18.66701195258281
6.0,-5.217518473446891
22.0,19.021178513059358
21.0,16.096306180509433
21.0,15.633074086004449
21.0,15.166406203701749
21.0,17.275467730359285
21.0,18.3225378333046
22.0,18.189404936255542
22.0,18.189404936255542
9.0,16.92098946844835
6.0,11.745660196294555
7.0,9.805089649953759
-11.0,5.401765152028286
-11.0,5.401765152028286
13.0,11.73734796248369
15.0,14.01175215333431
15.0,8.029833788481373
14.0,12.566482934347377
21.0,17.1928592293652
-7.0,19.037190008819803
7.0,16.809439149839164
-18.0,-6.860198148846948
16.0,18.140187745994325
-7.0,18.677472557010816
16.0,10.441713690422208
22.0,19.294916572524176
21.0,18.803724851475273
21.0,18.547446283598653
-17.0,-5.705203619899635
22.0,18.65434911564365
16.0,8.484798178927235
15.0,8.612620996655938
22.0,19.41577882731997
1.0,12.544780424142013
20.0,18.390566520418535
20.0,6.699477315830457
20.0,19.29912442632032
6.0,12.544780424142013
-4.0,12.544780424142013
6.0,-2.0312028461126577
22.0,19.217048172180327
22.0,18.925554561619514
18.0,18.146143678956626
22.0,19.695644765625374
22.0,19.496041948153096
21.0,18.407282566710045
16.0,8.828978028488235
-4.0,1.152338744643842
-5.0,4.885223669180867
14.0,12.814233656789796
5.0,10.88842656733165
21.0,17.101516606320057
15.0,16.975548949833076
-2.0,7.783955564308338
19.0,18.749083112629247
17.0,17.047136046666417
9.0,14.253728260706822
5.0,9.616343023794402
2.0,-7.182489591330082
2.0,10.469158787658287
19.0,9.487955334575236
21.0,16.329518517380112
22.0,10.212512114911956
16.0,16.900746819147702
-6.0,-2.5705016012944846
8.0,-3.8292761429355515
18.0,19.041291371462343
16.0,19.041678859516463
18.0,17.72527342787162
21.0,17.97374507025323
21.0,14.56144998328689
20.0,18.743601896803195
16.0,14.687963309696322
13.0,17.732656904054977
-10.0,-6.208018476734562
-2.0,9.291952224905842
13.0,9.289271511498946
8.0,10.024259672182357
7.0,13.905533904873392
6.0,1.5546253852893166
21.0,18.416366407549624
21.0,18.928278339271277
22.0,19.595619179906112
1.0,14.345688161859258
21.0,18.547830234860317
22.0,19.65010925353682
21.0,17.570587872840793
21.0,17.570587872840793
3.0,16.873120070717157
-3.0,6.7108913314696705
22.0,19.37231307664194
22.0,19.294916572524176
19.0,10.879239720825414
5.0,-1.6879892548978983
21.0,16.36454552941739
4.0,-4.316019026577447
-5.0,-6.804154256805663
12.0,10.565370295958777
16.0,5.400132432004078
21.0,12.562867155571507
20.0,14.510544378207271
12.0,14.927306736294344
21.0,17.765605990573363
4.0,0.21016900085886725
21.0,14.864735811830716
-1.0,1.3993281453411086
21.0,18.109522211413726
21.0,18.795735103696767
22.0,19.38097742988783
21.0,17.245147339776047
-1.0,0.07846497537530972
22.0,19.298776394171675
22.0,19.134524448134933
20.0,18.14588771144885
17.0,19.21377011654274
22.0,19.431661842717475
22.0,18.80190899970743
21.0,19.197184005287497
16.0,1.3660651614647055
-7.0,6.708501346617108
-5.0,-2.3238460936176573
-4.0,5.4264247642777494
10.0,-2.5807950954725634
1.0,12.562867155571507
7.0,14.934756916432498
3.0,0.9297012805944256
21.0,18.654716154395512
22.0,19.042743732020675
1.0,12.593249485795512
1.0,12.593249485795512
-10.0,-3.8358238723390947
8.0,-4.707433223640841
17.0,8.0055618021516
12.0,5.405987890779162
-4.0,8.648284243661262
12.0,8.029833788481373
10.0,6.7546705246056975
21.0,19.377973749403388
-1.0,12.60455203469297
17.0,12.634692165086191
21.0,13.499316353727348
8.0,10.999575566802907
21.0,19.733153817478634
13.0,16.239869725883317
15.0,19.29104348063477
22.0,19.010535396549
20.0,19.217252672512082
-10.0,-3.8358238723390947
-10.0,-7.214584064323173
11.0,7.890513009443193
21.0,15.883683307046297
21.0,16.309945715839085
5.0,-3.3499777036293885
8.0,5.403896655502345
-10.0,0.06987390203289046
-18.0,0.0744886799157971
16.0,11.088594959464091
21.0,15.763115542292061
16.0,17.884740745777194
20.0,19.021178513059358
9.0,12.624143119448563
15.0,18.546038462305887
19.0,14.01175215333431
13.0,5.559906144930647
10.0,16.81352755294253
18.0,18.280935083868407
21.0,17.728997510171666
18.0,11.146606996155327
-1.0,9.238801831741206
22.0,18.676921998883024
14.0,11.745660196294555
21.0,18.317788531534195
21.0,19.216004075734386
19.0,19.59170209894053
22.0,14.282744695600416
22.0,14.282744695600416
22.0,19.543603052148402
22.0,19.216252670126277
21.0,13.35003803075082
3.0,10.565370295958777
7.0,10.565370295958777
21.0,18.41483060250297
18.0,12.61660808685026
22.0,19.74431148442642
21.0,18.140187745994325
22.0,20.23598281525044
22.0,20.231206392998985
21.0,19.54587083586532
22.0,19.49134905115725
21.0,17.96550383955673
21.0,18.143456020124976
22.0,19.345665142370397
22.0,19.574382737957293
22.0,19.740966638459295
22.0,19.654528342619948
22.0,19.71464757527458
22.0,19.856620086669654
21.0,18.539992507273862
6.0,18.41086310613244
22.0,19.215192764820866
22.0,18.922586384276517
22.0,19.27585466842391
22.0,18.556533130124702
22.0,19.005835600944412
22.0,19.44602079898179
21.0,17.880214250602204
21.0,18.929912605862334
21.0,18.667195471958742
20.0,14.401264584627185
22.0,18.66848010759025
21.0,18.5405351608887
22.0,19.133667239991638
14.0,9.237097776900878
-12.0,3.066688534688499
9.0,6.0138850945854445
21.0,16.932956398901933
12.0,18.269288562264595
22.0,17.477633916230424
16.0,13.784261129349701
-1.0,-5.120934485298367
21.0,18.138848604985007
12.0,18.384443419392134
22.0,19.83346775745074
22.0,20.022743526563353
22.0,20.058443818624053
22.0,20.169975430233844
22.0,20.317213050617923
19.0,19.02868852068305
22.0,19.432072006049662
22.0,19.50003957279011
7.0,12.585714453197207
16.0,6.7546705246056975
2.0,6.7546705246056975
1.0,6.7546705246056975
-8.0,5.449706244871196
21.0,18.119744056273927
18.0,12.667846308518733
2.0,10.029886483096643
7.0,14.092151983488575
22.0,19.27585466842391
11.0,15.29232059065614
5.0,-2.5299782983097323
21.0,16.368587107729383
21.0,19.135916576729517
21.0,18.675820882627445
14.0,9.017527051203505
6.0,9.017527051203505
17.0,10.412580159643058
22.0,19.74230511688238
22.0,19.111322557287526
22.0,19.366213942012013
-19.0,-6.067025042033439
20.0,17.184425663169904
13.0,8.029833788481373
14.0,9.017527051203505
16.0,9.017527051203505
13.0,9.017527051203505
11.0,8.029833788481373
13.0,8.029833788481373
15.0,8.029833788481373
15.0,8.029833788481373
-5.0,8.029833788481373
21.0,15.702739151872812
21.0,15.166406203701749
22.0,19.03999974461528
22.0,18.677839595762673
10.0,4.057452030181786
21.0,11.004702302224507
21.0,18.802090584884215
20.0,16.019954588593414
21.0,18.843834096743947
21.0,19.0394974430126
21.0,18.732412615250755
21.0,16.466116927644446
-13.0,-4.20692119444854
-9.0,11.768762383269788
22.0,19.21674985891006
21.0,18.93121828370475
-5.0,6.700428483800392
22.0,19.746900955384525
14.0,11.745660196294555
14.0,11.745660196294555
-3.0,5.449706244871196
7.0,2.803661747591688
-5.0,-1.2113518597793576
-12.0,0.12981795072149716
21.0,16.096306180509433
15.0,15.50002034399919
21.0,18.915741529946757
22.0,19.359321841541153
22.0,19.699608610736032
22.0,19.74696006062337
22.0,19.62392124210068
22.0,19.216600702274924
2.0,-4.055662404929347
-5.0,5.783615565035452
2.0,-6.0993638200465625
3.0,5.799892907614758
15.0,18.795008762989628
4.0,18.931850288197957
17.0,11.049688219874719
20.0,11.737479207534378
5.0,2.71583134410095
22.0,17.94509401477704
5.0,15.640013377765591
5.0,-4.2488272670036835
21.0,17.32767543084864
22.0,19.548138619582236
14.0,18.415086570010743
22.0,19.37648409867669
10.0,14.673883230957147
21.0,15.73060517822016
12.0,6.72449624425211
18.0,11.745660196294555
5.0,14.02064164379649
3.0,11.737938565211786
22.0,14.673883230957147
8.0,16.75681868099192
10.0,15.838973058459835
22.0,19.598505450091277
22.0,19.546283160177484
11.0,16.7460411388266
21.0,17.145995090394045
21.0,17.145995090394045
22.0,19.788000157403264
21.0,16.81489035397699
18.0,2.4849320568064375
-2.0,4.653433145165691
17.0,18.27491984743567
21.0,18.789198037332532
17.0,13.515788534132929
-10.0,10.88840995904736
13.0,18.101855827768578
-7.0,0.23748594096809406
-13.0,6.887854153620405
-1.0,3.074187122301378
-9.0,-0.6692830740147304
5.0,0.23748594096809406
5.0,2.968038115138107
21.0,18.128496528554702
22.0,19.042582998309406
21.0,12.544780424142013
22.0,19.361754347589688
22.0,18.540176026649792
22.0,19.74431148442642
21.0,19.380770536295543
13.0,18.1337990929567
-12.0,0.12981795072149716
21.0,18.069912562580456
21.0,16.328171324609446
22.0,18.547190316090877
20.0,19.322502300767212
21.0,11.945343971008874
21.0,15.756076223623566
13.0,16.694850795635887
13.0,16.694850795635887
21.0,18.119598028334142
21.0,19.20722933102076
19.0,19.532145848286618
21.0,19.10628102613466
22.0,19.290219004238843
5.0,19.83579304913358
21.0,19.87589611079274
6.0,4.85273651582178
21.0,16.798852140705147
17.0,8.879221782346793
13.0,11.936815548088793
20.0,18.661154743193908
21.0,18.623866910666734
22.0,18.376276262464128
22.0,18.376276262464128
22.0,19.231916064199844
14.0,17.22879489668604
15.0,14.437030351693874
22.0,19.355322080212908
3.0,17.131220267587583
22.0,18.3869605122533
18.0,11.31045857856418
21.0,18.37972639974487
5.0,15.421467764969968
-3.0,10.362389972125735
12.0,11.152346928975494
14.0,11.192084957918391
9.0,9.831511389172668
18.0,13.252227811199848
21.0,18.910200503152602
13.0,13.940516263015372
22.0,19.597062858866302
20.0,15.057134605276659
21.0,16.920002974403488
22.0,19.791664524959987
15.0,19.006838429017527
22.0,19.955097863567968
22.0,19.75027092272072
22.0,19.75027092272072
21.0,18.53518255799249
16.0,18.786622730176358
3.0,15.913561506126745
5.0,16.78859533617988
-2.0,1.432247789960698
16.0,18.260549267736014
21.0,15.93139163224301
-3.0,9.14365136713755
14.0,6.012246068054236
21.0,12.157330376657093
18.0,14.81745916896175
21.0,16.962621116031038
22.0,19.70106274393073
10.0,19.19088685955659
22.0,19.599706350579694
22.0,19.19507667076165
21.0,18.522451552963503
21.0,18.132243011537092
21.0,19.474955973288644
21.0,17.874241959972643
21.0,16.59113653382834
21.0,18.204775574319477
21.0,19.01544889475724
22.0,19.36457484158261
22.0,19.103886848303198
6.0,2.186525760151582
-10.0,2.7867519299296717
13.0,10.371886845754489
21.0,13.31193400345395
6.0,17.91412408108294
22.0,19.43845652928858
22.0,19.54866944966384
22.0,19.748691238724305
18.0,17.307984551343317
22.0,19.701065154694668
-1.0,11.920970707650678
21.0,16.371065784086923
21.0,16.371065784086923
20.0,13.937498364634857
18.0,19.01685112796264
17.0,12.475534990608578
21.0,18.40391629149189
14.0,9.940939892708037
20.0,19.396491913940892
20.0,19.27776820299885
15.0,13.752647315657565
7.0,10.806930668700154
18.0,13.890705315512216
21.0,18.536695152649397
21.0,18.279960899166344
22.0,18.792042861030282
21.0,18.66493622983618
22.0,19.292398385010955
21.0,18.780259937429527
16.0,11.944666146347213
13.0,8.990456109572783
7.0,4.769525608376409
9.0,10.689899341021412
21.0,15.843104213258473
14.0,17.107162314891173
3.0,14.384821416457164
22.0,19.00393433955368
9.0,15.263818478909988
12.0,14.736792154224082
5.0,11.925770512444783
10.0,8.990456109572783
21.0,18.886914013639657
22.0,18.793429406132447
22.0,17.002502955386767
21.0,14.437030351693874
22.0,19.548964445947483
22.0,19.875208436582888
2.0,11.298735031008427
21.0,16.456759678719262
22.0,19.289644462233795
22.0,19.543904532867487
9.0,-2.47817700821782
16.0,14.336536556915753
21.0,15.841422913767413
22.0,19.669756374381688
14.0,12.767270337272846
21.0,19.37080170870728
21.0,19.28246268717069
16.0,6.096475714550414
17.0,15.839141886996117
22.0,19.40534459059683
22.0,19.357846549650468
21.0,18.481475875931448
16.0,17.93953976241596
11.0,4.869100825943711
19.0,15.241024029016671
12.0,12.672698887926247
21.0,15.661555799309031
21.0,17.059706340049654
19.0,8.081034126682923
8.0,11.281893559857394
17.0,15.322894200630309
22.0,19.650637895679964
21.0,19.209047029132616
22.0,19.209250336912135
21.0,15.859908302839255
6.0,14.889756346457029
15.0,18.53417416155455
22.0,19.434650574068144
14.0,18.408580125017355
22.0,19.296244755689678
22.0,19.32487169255862
21.0,19.07769943948817
21.0,15.7913791305569
-1.0,14.468672130625214
4.0,13.605586765661714
8.0,-0.2698456308355297
21.0,12.753177490568614
18.0,14.9310714330948
18.0,14.9310714330948
22.0,20.22497230378393
22.0,20.010765178670287
21.0,19.265800969024284
21.0,18.765383618216074
11.0,11.923579170902297
21.0,19.191485404014454
21.0,17.93610406069749
22.0,19.296463996328512
21.0,18.65447411679256
21.0,18.523459949401442
-10.0,-1.6487464178928146
21.0,18.266473596808908
21.0,18.266473596808908
21.0,14.718401013185142
9.0,6.014992485168047
4.0,4.817707165263814
21.0,15.168839606434632
21.0,16.567565110690257
22.0,19.43382899168528
22.0,19.29675631718029
21.0,15.069432875577636
22.0,19.11340880242063
14.0,17.377571162920617
22.0,19.298621400379645
11.0,4.740616674243967
21.0,19.017329241043623
13.0,11.299680660523839
