"tx_power","prediction(tx_power)"
-8.0,2.3917316283807555
-5.0,2.3917316283807555
-10.0,2.3917316283807555
-5.0,2.3917316283807555
-7.0,2.3917316283807555
3.0,2.3917316283807555
9.0,2.3917316283807555
6.0,1.3791387124003158
-6.0,1.3791387124003158
-8.0,1.3791387124003158
-8.0,1.3791387124003158
-14.0,-7.8290397257493645
-13.0,-7.8290397257493645
-35.0,-7.474657621962258
-1.0,-7.474657621962258
-14.0,-7.8290397257493645
-37.0,-7.474657621962258
-7.0,-4.216543503792067
13.0,8.549425895021137
5.0,7.604502984318163
5.0,7.604502984318163
18.0,7.604502984318163
19.0,18.726730529304522
21.0,4.310694417864182
10.0,8.730201451230869
-2.0,-3.114383793389468
3.0,13.445717847488112
6.0,7.078534600710442
12.0,16.875073542301052
21.0,20.062969280762438
22.0,20.459478502812132
22.0,19.94697830621155
19.0,18.35782916901747
22.0,20.287974776015947
17.0,20.38106706251552
22.0,20.465574880960883
22.0,20.46608291247328
22.0,20.376494778903957
20.0,19.548164468030034
-14.0,-2.4521641497076487
5.0,17.946829636633506
22.0,19.862976100764364
-3.0,0.3594060281183111
-18.0,12.778806458911381
17.0,16.18299638901732
22.0,20.380559031003123
22.0,16.878796390511994
6.0,-2.3432561644404863
22.0,20.74390794334062
1.0,5.0616798041296445
20.0,18.857159365674352
21.0,18.727059657672612
21.0,14.906074224891672
14.0,14.641530494047824
8.0,11.24949752188512
22.0,18.075608216673768
-18.0,-0.6164518755612232
15.0,0.24350355378198607
20.0,20.4674443913977
22.0,19.551200594680875
21.0,18.731199551535443
4.0,5.768071331048006
-6.0,3.282842557800853
22.0,20.67063785650222
15.0,9.922249049865732
-10.0,-6.18619839391792
6.0,8.91192210235079
21.0,16.88857257171968
8.0,20.746375063474225
22.0,20.74603540301794
21.0,18.50380136476468
2.0,-3.2414423669433248
21.0,17.57176453638711
6.0,3.170510693257288
22.0,17.9966219841427
5.0,-1.848178378067292
20.0,19.437591308570756
16.0,14.903111730785673
12.0,16.30529294552239
22.0,19.856722432888507
22.0,19.70898504767768
21.0,15.249527777525296
21.0,18.06704801037194
21.0,17.74388419381777
21.0,17.81933832283018
21.0,15.15252223701864
22.0,19.319621391356684
20.0,8.776947168850988
7.0,0.09860936472187909
21.0,17.328712362278107
6.0,-0.7510425380401227
21.0,18.969634349325123
21.0,18.25877639336874
7.0,-0.8047283938684178
-1.0,15.641382277106208
14.0,3.3739936479048485
22.0,20.952537745723877
22.0,21.055421132093453
20.0,12.476472713549915
4.0,10.112806719927509
10.0,2.476039561019306
22.0,20.765258567715932
14.0,1.4346440313675117
21.0,14.896883862902325
22.0,19.376503448722023
21.0,18.70593226139897
10.0,19.408687459101564
13.0,17.672146636463907
12.0,4.612613343920328
22.0,11.695968499973505
22.0,19.61286263347961
8.0,-4.6391848616919305
16.0,8.139762552193655
22.0,20.580403703225056
16.0,7.094274780582755
21.0,16.90782548689485
21.0,16.94261669152794
3.0,-2.3371316033785483
21.0,20.21001520070125
-4.0,11.905983214782173
17.0,8.104351946842149
22.0,19.735980212291032
22.0,20.688033131340667
22.0,20.428296905057827
14.0,5.374619444328621
17.0,1.5565192288997505
21.0,19.72599452742926
13.0,2.5740615738895904
15.0,9.271366703485988
22.0,19.851592058485025
21.0,14.86706903471806
21.0,16.88568729923591
-6.0,-5.888153857672911
5.0,-2.098655863827906
-20.0,-2.098655863827906
9.0,14.897522457972755
21.0,20.63806610358439
16.0,18.758805545152665
16.0,19.914641644110098
14.0,18.76781050195465
15.0,11.379739134648181
21.0,18.369549457879124
4.0,17.546089843183523
12.0,12.076267774099012
21.0,18.82819934445897
21.0,19.805551736498963
1.0,0.3247525351453753
-29.0,-7.437976199397983
21.0,16.241227071177846
4.0,16.239684621283082
11.0,7.332024974417861
21.0,16.690921697318267
1.0,-2.726698340455748
21.0,20.056677876543795
5.0,17.670743664290846
22.0,20.814896786751937
22.0,20.963073634223786
17.0,12.76908980059246
22.0,20.831377119458182
22.0,20.93799400855509
21.0,19.181626533923147
21.0,16.90782548689485
21.0,17.6685222916835
21.0,18.515161169942655
22.0,20.501177634055352
7.0,-0.04504335562329764
12.0,-5.476130948221051
2.0,6.780957137187557
21.0,17.996845140979694
21.0,18.354301094103732
16.0,3.558883935763328
22.0,19.908608875884745
21.0,19.23394112194441
13.0,14.81338799265459
11.0,16.792785936370812
15.0,14.969347093714514
-17.0,4.612613343920328
-12.0,1.5565192288997505
6.0,9.528764377634925
22.0,20.327426950729645
22.0,20.314255455366368
21.0,19.216712012128518
16.0,18.259233077273183
16.0,20.203727520619296
2.0,13.255845207420196
14.0,16.410944332976875
-1.0,-2.6221701753418394
8.0,-6.694857247704462
2.0,5.388827934810854
13.0,5.23343758664341
21.0,16.695630937999358
21.0,19.59214528002632
9.0,5.699040830322199
22.0,19.705240682468094
3.0,6.177483099939579
10.0,2.476039561019306
16.0,4.619927909969469
11.0,5.036334272639859
22.0,18.720416561221974
21.0,20.433024667940728
16.0,17.3257763026389
12.0,6.172508329158019
-10.0,-3.3522418333721262
-10.0,-3.3522418333721262
-9.0,-4.083901517535892
1.0,-0.5480096725719452
21.0,15.640651296806489
22.0,21.10444673555685
18.0,18.74648779475266
22.0,16.699879856699937
21.0,6.951849285104081
22.0,17.665149687651056
15.0,8.259798183818893
22.0,19.01160734808131
22.0,20.207961613803178
6.0,11.309470721637815
13.0,10.198298082126458
17.0,11.337578086841962
21.0,18.74975219099113
22.0,19.733964062349894
20.0,14.381708329266955
13.0,18.47378624679495
-12.0,-3.6263269059544996
-12.0,-3.6263269059544996
19.0,18.545230295267686
21.0,19.188208295310126
22.0,20.207412357311778
21.0,20.200043286977596
-12.0,4.617533366595463
-19.0,0.1172036789327553
18.0,10.98111219842265
2.0,5.592859606921657
22.0,14.863964413671265
18.0,16.04419479478969
10.0,8.146795415347825
13.0,4.194988332989498
-8.0,1.9829508045165731
4.0,13.506122586950442
21.0,18.764312125400753
20.0,20.420071143626775
-1.0,9.28048845242253
16.0,12.747034650441087
-9.0,0.5045090283607987
14.0,8.9216289002503
2.0,14.755301022788675
22.0,20.19517188169603
22.0,20.32152346705656
21.0,18.76847848252242
18.0,20.828023424210127
22.0,19.40835930814909
22.0,19.73521208268628
10.0,14.872657352602292
22.0,21.024871118704283
22.0,18.764470599115825
15.0,17.997064270649922
15.0,17.997064270649922
22.0,21.256257208830732
22.0,21.387552528254655
22.0,20.628334775861344
16.0,20.071841888984203
21.0,18.25032968410793
22.0,20.0832536894196
22.0,20.170576096187023
22.0,21.17796227746286
22.0,20.54245223499057
6.0,17.99690710829455
22.0,19.733964062349894
22.0,21.052502580987184
22.0,20.075252030217502
22.0,19.577290150195505
22.0,19.872834804708315
10.0,6.498634834036997
22.0,20.464980354199607
21.0,20.115085042600477
21.0,20.325980300824057
3.0,-3.2588594861204996
2.0,0.517745143097935
19.0,14.894632134317671
3.0,-4.060759800323645
3.0,-4.060759800323645
13.0,14.889220722057143
19.0,12.249293760754952
22.0,20.307753521997434
9.0,18.98477058728008
21.0,18.765822713336608
22.0,19.71282303117514
-1.0,1.1305518784755417
21.0,14.905930150334882
21.0,17.233513718977264
17.0,11.918055011628784
22.0,21.296091421181263
22.0,21.391287865581067
21.0,19.411414645062706
6.0,10.407616392733312
22.0,20.583892027360235
12.0,8.02229512017218
14.0,4.619927909969469
13.0,4.619927909969469
13.0,5.667751455960925
14.0,4.619927909969469
-5.0,3.532859720683321
21.0,19.405960273140415
21.0,18.512399521907774
-13.0,-4.789177451889277
22.0,19.375403625944145
21.0,18.274091078079962
17.0,18.522248720564896
21.0,19.901199376026945
1.0,6.007962375024264
1.0,6.007962375024264
21.0,18.748454617506635
21.0,16.226473921814428
21.0,18.698147772237807
-9.0,0.42124883912165423
21.0,19.763248813259715
21.0,19.58612364065015
17.0,12.753778728143088
21.0,19.57041164912585
21.0,14.036536066403418
22.0,20.327426950729645
21.0,18.76835199036517
22.0,19.84646168408154
12.0,6.7117526058464705
13.0,6.7117526058464705
-11.0,-5.805961427473516
-1.0,-4.752624949485124
-8.0,-6.286906461257047
-3.0,6.7117526058464705
-3.0,6.7117526058464705
2.0,5.667751455960925
12.0,5.667751455960925
22.0,20.4412982529858
17.0,18.533778175918272
18.0,17.674017266027988
21.0,18.98720356675142
16.0,16.92389803402885
22.0,20.621942900079297
22.0,20.862263014507395
22.0,20.89342080438157
21.0,17.671445150377377
22.0,19.729067045848268
21.0,16.552207147969046
15.0,20.739318452584374
22.0,20.192541057483815
22.0,19.74854821070819
21.0,18.441452599808525
21.0,17.24424515702998
13.0,10.751516493013504
21.0,16.305342112645167
22.0,18.948518989249763
-14.0,-6.3410296670372475
-14.0,-6.3410296670372475
15.0,18.615008750124403
6.0,16.86200622818066
21.0,19.904655959248327
18.0,19.562230091242416
22.0,19.73060330505777
22.0,20.727133444897053
22.0,20.549949513776795
21.0,19.226025044461434
5.0,-1.0010605717245529
16.0,7.177501164037755
22.0,19.581130798219263
21.0,17.9963138595774
14.0,9.013390666890782
14.0,9.013390666890782
5.0,5.904694361443219
22.0,20.90861621489527
20.0,20.51327384322214
22.0,19.569866211933622
22.0,19.569866211933622
-1.0,10.3717148814568
-8.0,4.6088634337861105
21.0,13.539281612125315
14.0,14.904290658963497
22.0,19.882576865957066
21.0,20.10551118890821
21.0,14.964444452912346
22.0,16.680103461995582
21.0,14.862722565252547
12.0,8.934355124628558
2.0,13.592421663578277
-8.0,1.1479510362433327
13.0,15.15252223701864
22.0,20.935496170391453
22.0,21.036936975087084
22.0,20.748841212341837
22.0,20.21078000585487
21.0,20.795789004835626
22.0,20.660978976699667
22.0,20.89544685911673
18.0,20.503461752986205
22.0,20.338590491208137
22.0,20.338590491208137
4.0,-1.172779532626942
13.0,5.196710359136494
-1.0,-5.5306320035393455
21.0,17.574332005707472
21.0,20.893017002327532
21.0,19.737516471500534
10.0,15.602024668575186
20.0,19.733675823476776
22.0,20.32713762074853
22.0,20.856184850301915
19.0,10.51532092656285
22.0,21.055421132093453
22.0,20.969151798429266
12.0,6.021915344566901
22.0,20.69841381554982
21.0,18.27497346642768
21.0,11.905983214782173
15.0,18.124255657330178
21.0,18.099865815070107
21.0,20.03205984308382
22.0,20.66758391325746
22.0,20.329162930616356
22.0,20.329162930616356
13.0,18.518405568780437
1.0,4.9596024082020325
21.0,16.862465672989135
12.0,-0.2816151540780947
-18.0,-2.4864517406253412
22.0,20.122758929215415
15.0,13.429415689899745
13.0,10.933427276091624
20.0,14.107944476807354
22.0,20.646500297698665
21.0,19.114228508750045
21.0,18.227671308507922
13.0,10.34622381079964
8.0,6.7219183382763665
21.0,14.439849028454349
21.0,16.503098581372424
14.0,17.49854671315068
21.0,16.105356618624597
8.0,6.097897743669858
10.0,5.572417877397202
13.0,11.71721029036614
13.0,11.71721029036614
22.0,20.302831425703587
8.0,9.667524296827489
22.0,19.44694146681401
-3.0,3.055394015603703
6.0,0.29026984880315254
21.0,14.425895937887917
16.0,18.19672159590479
22.0,18.07008305877565
21.0,18.503143366083506
-7.0,13.18952673977659
12.0,10.707527537931922
9.0,8.389854922227176
22.0,19.909936742282802
21.0,19.713734861827547
21.0,20.070341968888762
19.0,20.327094352887613
22.0,20.06962150415923
22.0,19.900332568004778
-7.0,-0.9895028986737291
9.0,13.576843919968328
13.0,19.527741917527123
10.0,3.013328469930208
12.0,18.00672060255249
13.0,16.848099132684407
2.0,0.38136634199035946
21.0,18.292046586232328
10.0,3.1500414933690646
21.0,16.908141032729468
20.0,13.690253913232144
16.0,14.376292313975554
-16.0,2.2790295030754297
7.0,3.153006866036785
22.0,19.968462619832565
22.0,19.56704952560312
22.0,19.373428432711172
22.0,17.231076933848726
2.0,12.345602619279067
21.0,18.46910531979304
21.0,18.46831406591094
22.0,20.477009137493297
-8.0,16.23264607611728
19.0,12.904927693973718
22.0,19.38811942374992
-15.0,12.53220550399315
21.0,15.322722080954698
8.0,6.767620054556648
22.0,19.93693053344525
6.0,-1.4572174392165351
8.0,1.0256058945331024
10.0,0.4041784247243285
21.0,17.386191085299533
9.0,7.281201874653788
13.0,9.652622490855883
10.0,6.767620054556648
4.0,0.3646086016325629
22.0,20.15138904793618
22.0,19.985663631510956
22.0,20.24043246668428
22.0,20.157160869954524
22.0,19.798798024445485
22.0,20.06767470527588
9.0,2.105500012402098
2.0,5.717825368865984
5.0,15.31627450154313
22.0,19.941409691860606
22.0,19.467168286268176
21.0,19.11515983510912
21.0,18.718220971178116
20.0,19.905300552990767
21.0,19.741193061475215
18.0,13.636591985103484
3.0,4.067231999680516
16.0,10.974856963677546
17.0,10.090088710135113
22.0,19.716888242431907
22.0,19.418533505067863
3.0,1.8354950183734857
21.0,17.4595558866614
21.0,18.362426310572665
14.0,17.047108542829168
20.0,11.866149731375657
3.0,13.865310350437904
-9.0,4.044335380838342
21.0,14.858085804358216
8.0,14.365591118707023
22.0,20.415729788400398
21.0,19.481919210807717
21.0,17.30400127697846
21.0,15.45430582867414
-16.0,12.196784792271972
-8.0,-2.302589517829446
18.0,9.105299237063612
21.0,18.207645023882364
21.0,18.45709601971166
22.0,19.919159471480462
21.0,18.869031011791666
-7.0,7.730034271410502
21.0,15.751302100241437
22.0,20.5602200249355
21.0,15.400093033893532
22.0,19.90873608119914
22.0,19.909075722896766
22.0,19.908905902047955
22.0,20.417002313785574
22.0,20.425701357842172
22.0,20.260001399465757
22.0,20.343074632493643
22.0,20.343074632493643
19.0,20.074817692963588
21.0,20.801120044212187
22.0,19.838025432484734
22.0,18.69866311763752
18.0,13.798664829958954
19.0,18.888284949191796
21.0,16.33147357519431
22.0,20.09246857892153
16.0,13.853397381932274
21.0,19.715354429359998
20.0,11.751419147794932
22.0,19.59823584021808
22.0,19.59823584021808
21.0,16.578332043204245
21.0,16.578332043204245
21.0,18.105693029424987
9.0,9.3156132298707
18.0,11.444333292865663
16.0,12.204033089026929
22.0,20.637486538709744
22.0,20.26900103528449
11.0,18.681899243174147
22.0,20.160469013835918
3.0,9.322947838229755
16.0,10.416850560956501
16.0,10.416850560956501
22.0,19.908905902047955
21.0,19.908905902047955
22.0,20.159301433642483
22.0,20.048673752889975
22.0,19.986247421607672
21.0,18.137855414873442
5.0,17.155043520298147
16.0,13.8280772021762
2.0,0.05294625856315882
11.0,5.272232178234244
11.0,5.272232178234244
21.0,18.273032218226582
21.0,14.980843892344604
6.0,13.430561792600123
22.0,20.65482111596007
22.0,20.739018276007073
22.0,21.134427994216335
10.0,14.373617015158421
21.0,19.01137118691112
21.0,18.291581592608782
19.0,20.0099775067592
9.0,19.078390427487474
22.0,19.68696466592894
21.0,18.294774637992937
21.0,19.52758319200838
21.0,19.678880685279015
16.0,11.739923869413603
9.0,3.3498528353181616
13.0,7.848318237983652
2.0,8.225860457300135
21.0,16.247550387147587
21.0,19.907796178594843
22.0,19.817192032042726
22.0,20.41392968817648
22.0,20.48897478887027
22.0,20.075596079759208
21.0,19.29956209105686
22.0,20.415468232605324
22.0,19.985469034812052
21.0,14.587925629572858
17.0,14.644771394105883
5.0,15.751302100241437
15.0,11.114682159280035
21.0,19.455989396245634
