"tx_power","prediction(tx_power)"
-8.0,-1.6249816091463056
-5.0,-1.6249816091463056
-10.0,-1.6249816091463056
-5.0,-1.6249816091463056
-7.0,-1.6249816091463056
3.0,-1.6249816091463056
9.0,-1.6249816091463056
6.0,-1.0527722589273738
-6.0,-1.0527722589273738
-8.0,-1.0527722589273738
-8.0,-1.0527722589273738
-14.0,-8.225034799515406
-13.0,-8.225034799515406
-35.0,-10.012254035742789
-1.0,-10.012254035742789
-14.0,-8.225034799515406
-37.0,-10.012254035742789
-7.0,-0.8582102083609828
13.0,9.654085283570645
5.0,9.173310017138556
5.0,9.173310017138556
18.0,9.173310017138556
19.0,19.23999822728035
21.0,1.0225801977225761
10.0,10.646062815502646
-2.0,-3.1725231304409918
3.0,12.951271666190353
6.0,6.045925028039104
12.0,16.063417890744514
21.0,21.78709272533621
22.0,21.698682379098695
22.0,21.121253811645733
19.0,17.123181968899097
22.0,21.77497206163838
17.0,21.123883046486867
22.0,21.749650986621493
22.0,21.681198605669113
22.0,21.388726796486864
20.0,19.829578656055432
-14.0,0.8555468240298253
5.0,17.049001902785168
22.0,19.35511692766782
-3.0,2.087038645404779
-18.0,3.8980294916607616
17.0,17.579316114853324
22.0,21.117186617915436
22.0,19.386004097655597
6.0,2.5632484840760275
22.0,21.873777208697202
1.0,4.94529704293459
20.0,19.58974787287199
21.0,17.50817789537778
21.0,14.561566062365337
14.0,14.497701475000174
8.0,6.781140013730095
22.0,19.728246451472067
-18.0,-3.665596371745597
15.0,-1.2971192066570745
20.0,21.335866034028797
22.0,20.17173112636182
21.0,20.512818132432812
4.0,8.921542581614284
-6.0,0.2730169989477357
22.0,21.331841412816676
15.0,9.580438855824745
-10.0,-2.2412429518009116
6.0,5.510300645084921
21.0,17.693116409685675
8.0,21.604842050189852
22.0,21.393282362608662
21.0,19.896751148319368
2.0,5.503355717053895
21.0,18.635187291999955
6.0,4.116510218980361
22.0,19.065221281061874
5.0,2.3071131096567203
20.0,21.33714904448922
16.0,17.391538847330043
12.0,18.447346111299343
22.0,21.387161116371203
22.0,20.65766754221872
21.0,19.59911089047791
21.0,19.183208585991643
21.0,14.268787031431753
21.0,20.06737737301376
21.0,16.21332646656903
22.0,19.37654969483622
20.0,10.559454343490671
7.0,4.171364944346054
21.0,14.199453485349107
6.0,3.7653372514793855
21.0,19.853947036072373
21.0,19.82582928009658
7.0,0.3901412862770701
-1.0,9.100144024939294
14.0,5.668205447029379
22.0,21.73820858888449
22.0,21.82496008111466
20.0,16.652475227607585
4.0,13.339024902252902
10.0,-3.0501077878505813
22.0,21.788830299003752
14.0,7.335232306643406
21.0,16.257745505041157
22.0,19.463735372714336
21.0,20.465882419484497
10.0,21.11301948964816
13.0,17.77336666091764
12.0,-0.04591519211265736
22.0,10.493695385001658
22.0,21.066330234743262
8.0,3.8715857079503455
16.0,10.10823935645684
22.0,21.741260323601704
16.0,10.519086034647191
21.0,19.713520265226
21.0,19.609595850921608
3.0,0.8707980256905725
21.0,20.669142603440367
-4.0,11.210118151971347
17.0,10.484855473434722
22.0,21.474393538109762
22.0,21.462728954951757
22.0,21.650006715003656
14.0,10.783861735157377
17.0,6.8118160409335005
21.0,20.97506152095038
13.0,5.271907962013274
15.0,12.761246074009973
22.0,21.250615977482312
21.0,15.257516446873634
21.0,20.249887213813622
-6.0,-4.074938795122241
5.0,-4.910222949825679
-20.0,-4.910222949825679
9.0,16.148370505041157
21.0,21.63379695185031
16.0,16.588935933721174
16.0,18.135463148106922
14.0,16.776063286619532
15.0,13.191713772510434
21.0,20.298764746557893
4.0,11.581111376595915
12.0,4.987509011595011
21.0,19.574967820194175
21.0,20.985533573825062
1.0,2.8740733224881536
-29.0,-9.173401863093718
21.0,17.98346229130808
4.0,15.677540348667385
11.0,10.987690772166596
21.0,20.512247553963935
1.0,-1.599833674298022
21.0,19.47196145903171
5.0,10.359461593269089
22.0,21.81619452860751
22.0,21.833006382639223
17.0,15.629019727810617
22.0,21.6538589239745
22.0,21.341526748917346
21.0,20.044499517185535
21.0,19.713520265226
21.0,17.588023430906745
21.0,19.346901484851564
22.0,21.43707808284566
7.0,2.454610773050562
12.0,-3.641735670122242
2.0,4.801378246486044
21.0,18.781504281219828
21.0,17.33380198596808
16.0,9.004062385177527
22.0,21.19251641013618
21.0,20.625893493637474
13.0,17.367635464254356
11.0,19.535909217097952
15.0,15.940972544419989
-17.0,-0.04591519211265736
-12.0,6.8118160409335005
6.0,11.136504892848828
22.0,21.68316425475397
22.0,21.31053991333874
21.0,16.552689988410943
16.0,20.306403842808386
16.0,21.13000174620115
2.0,14.612924883310662
14.0,16.11421683702573
-1.0,-3.7343448645492106
8.0,-1.6545650575381627
2.0,5.579086920439497
13.0,4.249339041983418
21.0,19.824747553963935
21.0,21.12072938154983
9.0,6.332733968232735
22.0,20.943667046186974
3.0,10.104656067136567
10.0,-3.0501077878505813
16.0,9.797690386335306
11.0,6.383955043763834
22.0,19.461756896332446
21.0,21.19321964949939
16.0,17.674793398510822
12.0,10.947885233803234
-10.0,1.5363143515646263
-10.0,1.5363143515646263
-9.0,0.18912835618619772
1.0,-1.8785625305979523
21.0,15.927818219617164
22.0,20.301616569380162
18.0,19.282135325205456
22.0,20.447694080436367
21.0,9.205027636152327
22.0,18.648341763953884
15.0,10.09114521337508
22.0,20.68248813606865
22.0,18.757430757461215
6.0,15.861317031664477
13.0,13.037328433628408
17.0,15.269137282160505
21.0,10.663355277558601
22.0,19.544092812706214
20.0,16.56400201431181
13.0,15.585383391115887
-12.0,-0.8830879980227592
-12.0,-0.8830879980227592
19.0,19.567542892400503
21.0,20.5548282151206
22.0,21.50528359704401
21.0,21.021918371927395
-12.0,-0.5173998559188049
-19.0,-2.6254901613325807
18.0,15.634951778387606
2.0,4.87064975522441
22.0,15.113750620417456
18.0,18.4298730170931
10.0,8.595573141183637
13.0,4.662999236009194
-8.0,7.933347326867923
4.0,5.181934381664825
21.0,19.270197924553962
20.0,21.328152684712812
-1.0,9.394132978771877
16.0,12.004767639956212
-9.0,8.434242864837564
14.0,9.670832627049622
2.0,12.936770385308755
22.0,20.629851171040453
22.0,21.625195011471746
21.0,15.740349000905248
18.0,21.048973347134517
22.0,20.799707567215368
22.0,21.30673255326128
10.0,17.293593737638425
22.0,21.637077943049604
22.0,19.147211290091754
15.0,19.66452017878704
15.0,19.66452017878704
22.0,21.31913785166283
22.0,21.834128461764674
22.0,21.08662235153612
16.0,20.651125360375694
21.0,20.161689887781936
22.0,21.620433642359508
22.0,21.67653280720328
22.0,21.61963966292949
22.0,21.584883745320937
6.0,16.461626488890488
22.0,19.544092812706214
22.0,21.82300695611466
22.0,21.254116888271977
22.0,20.621900028415585
22.0,19.21837040216431
10.0,9.976963183916899
22.0,21.675657554844747
21.0,21.28434701442132
21.0,21.566225965415384
3.0,1.307561431721145
2.0,-0.3061846465647358
19.0,15.245234549095594
3.0,-1.0271122087163216
3.0,-1.0271122087163216
13.0,15.82850192134655
19.0,10.398908342371008
22.0,21.67958753238636
9.0,20.76690211924725
21.0,18.985999635863486
22.0,21.224561970883784
-1.0,6.1850975274158
21.0,14.40655089657318
21.0,15.916879946779765
17.0,13.208348845321462
22.0,21.80568402969762
22.0,21.80568402969762
21.0,20.841486068953976
6.0,10.512578716579
22.0,17.387070534536484
12.0,14.03294223732359
14.0,9.797690386335306
13.0,9.797690386335306
13.0,9.595833566465078
14.0,9.797690386335306
-5.0,-1.4899719689964483
21.0,20.767402029000706
21.0,18.300204070529883
-13.0,-8.494918312457333
22.0,20.861603049732324
21.0,20.04024548021591
17.0,19.176649298163824
21.0,21.213209228245432
1.0,11.297557599988068
1.0,11.297557599988068
21.0,19.946104819253076
21.0,18.93498877847034
21.0,19.723850666345335
-9.0,4.8423317442779235
21.0,21.137410259076617
21.0,19.688186239271023
17.0,12.145392639956212
21.0,21.170998238783547
21.0,14.991772245732395
22.0,21.68316425475397
21.0,19.6513046953873
22.0,20.978691765911716
12.0,9.834878293141207
13.0,9.834878293141207
-11.0,-9.187484773902272
-1.0,0.15511641843677274
-8.0,-3.817541131242954
-3.0,9.834878293141207
-3.0,9.834878293141207
2.0,9.595833566465078
12.0,9.595833566465078
22.0,21.750172630430363
17.0,19.149365133725
18.0,19.690204667108944
21.0,20.613653909191264
16.0,17.288238544631774
22.0,21.652461196079905
22.0,21.82193867430589
22.0,21.833925539686753
21.0,16.664720207544626
22.0,18.51545143945519
21.0,19.15184405705302
15.0,21.708324594346706
22.0,20.987702157644343
22.0,20.756907664784414
21.0,17.685204783501955
21.0,18.458546474976036
13.0,11.9365391434815
21.0,19.16003135178349
22.0,20.555442363929235
-14.0,-5.912979609482443
-14.0,-5.912979609482443
15.0,19.987120068390364
6.0,18.36685089615001
21.0,21.10731006061053
18.0,20.423318242201766
22.0,21.32369090555204
22.0,15.317113197391647
22.0,20.794595755124856
21.0,20.23241979213892
5.0,1.133638268034175
16.0,11.256629305980361
22.0,21.30784426259459
21.0,19.853061777669556
14.0,9.736929187450482
14.0,9.736929187450482
5.0,7.849288147877616
22.0,21.826611904899494
20.0,20.73814562958795
22.0,21.110811463753024
22.0,21.110811463753024
-1.0,6.819626997510494
-8.0,6.371306987279572
21.0,16.603756748203168
14.0,7.867364785159189
22.0,20.670369327118596
21.0,12.09994186379601
21.0,17.95761027590147
22.0,19.26020142301155
21.0,13.362451530379142
12.0,7.677527068913491
2.0,14.040848606362083
-8.0,4.69732684795587
13.0,16.21332646656903
22.0,20.897073803081724
22.0,21.806598699859915
22.0,21.663547870127463
22.0,20.999494976915713
21.0,21.681242429035933
22.0,21.49477273837422
22.0,21.833925539686753
18.0,20.99505505652987
22.0,21.176645421896225
22.0,21.176645421896225
4.0,0.7341147981777589
13.0,10.850985356182685
-1.0,-4.531408471732219
21.0,18.260187291999955
21.0,21.286655410746338
21.0,21.088843265730148
10.0,15.271302093054976
20.0,21.397293685727202
22.0,21.68316425475397
22.0,21.727583327596868
19.0,10.012446106124814
22.0,21.82496008111466
22.0,21.833006382639223
12.0,11.012786323993494
22.0,21.810500151482135
21.0,20.28594957738228
21.0,11.210118151971347
15.0,19.001608556185495
21.0,19.3273264615909
21.0,20.57023524107304
22.0,21.77588352659338
22.0,21.524744188444974
22.0,21.524744188444974
13.0,17.857993614862952
1.0,7.00277824976535
21.0,20.04361567559307
12.0,2.2475935939225233
-18.0,-5.909566669960571
22.0,15.188039475258762
15.0,12.203403286067854
13.0,13.01271094885239
20.0,11.010208004585298
22.0,12.19681882291069
21.0,20.643105750288488
21.0,20.44517604722461
13.0,13.170527608712685
8.0,4.121526061392615
21.0,16.665541785755792
21.0,18.74969106305859
14.0,17.251530489810804
21.0,19.736808210026506
8.0,5.727263440236714
10.0,9.320882103954453
13.0,8.469724839003963
13.0,8.469724839003963
22.0,21.768217783953904
8.0,5.097585256208174
22.0,21.276544931466734
-3.0,4.346148685356126
6.0,3.7235519663799344
21.0,15.585593416637312
16.0,20.369573463856273
22.0,9.172054852966385
21.0,20.456096905552915
-7.0,13.365260014127223
12.0,9.425883513143033
9.0,8.078056479853087
22.0,21.072501005465607
21.0,21.073945714962516
21.0,21.647177453021765
19.0,21.867135546577327
22.0,21.682531138621215
22.0,21.64755377547405
-7.0,-2.315973779716231
9.0,16.739735037067668
13.0,20.871636325408065
10.0,3.6720415424989827
12.0,19.38761287909335
13.0,13.335994221730328
2.0,1.1990076955465994
21.0,20.661979672661356
10.0,-0.006970396083268285
21.0,19.503422160164906
20.0,9.305774502183121
16.0,13.526724600736687
-16.0,-4.973453239847041
7.0,6.104198100972183
22.0,20.93498926624944
22.0,21.014138163297467
22.0,20.850381720485775
22.0,18.091898454473053
2.0,12.518734712103296
21.0,18.561735160093146
21.0,18.35654018146067
22.0,21.959166826229573
-8.0,20.400352476419794
19.0,7.199961467823996
22.0,20.01633064624604
-15.0,11.638998503216333
21.0,17.20698558248685
8.0,4.8603267136900055
22.0,21.635428542027057
6.0,-5.898758049178735
8.0,4.711466652522965
10.0,5.6931306645117985
21.0,19.613107518138335
9.0,3.9376087604311865
13.0,9.053822855414525
10.0,4.8603267136900055
4.0,1.0763947511536431
22.0,20.927881501859513
22.0,21.535264284074454
22.0,21.953656765736543
22.0,21.947276764326734
22.0,21.69541055353615
22.0,20.357166334287594
9.0,5.846476229054602
2.0,3.2079597641633018
5.0,16.58316851036815
22.0,21.20983903845304
22.0,20.489241997209884
21.0,20.600137000288488
21.0,20.34961268347828
20.0,21.232571631800557
21.0,21.298833230961172
18.0,15.710153480276869
3.0,2.6785316818698592
16.0,12.64760797919798
17.0,9.134764910798433
22.0,21.538394859782493
22.0,20.912282564073973
3.0,2.1538863305332363
21.0,19.2005029766961
21.0,19.93524651059655
14.0,16.052792903567966
20.0,9.829399050114384
3.0,9.91373647386777
-9.0,-2.391266310467044
21.0,18.710023383432816
8.0,13.379930205895418
22.0,20.667501544175167
21.0,21.017092865804614
21.0,13.931116010813856
21.0,17.6606034104082
-16.0,-0.20940555396836663
-8.0,-10.84234663709782
18.0,13.940876282060168
21.0,20.11050078665321
21.0,16.281872730668095
22.0,20.815888386877987
21.0,20.972378652293017
-7.0,8.199566118096076
21.0,19.819195963359455
22.0,21.96714185970864
21.0,16.660528395771202
22.0,21.598795891756765
22.0,21.611491204256765
22.0,21.490397454256765
22.0,21.12593289187291
22.0,21.705033619116637
22.0,21.60752493856108
22.0,21.551457230227747
22.0,21.551457230227747
19.0,21.82446041004823
21.0,21.26319414601239
22.0,20.79707558468551
22.0,20.981190794065164
18.0,14.120305536760409
19.0,18.953742310098267
21.0,19.696868558976078
22.0,20.98494816540214
16.0,17.590889409259844
21.0,20.85167411401445
20.0,11.254147533058644
22.0,21.45742039841875
22.0,21.45742039841875
21.0,20.02166156650632
21.0,20.02166156650632
21.0,19.95241314027937
9.0,10.470505631049106
18.0,7.84496370261793
16.0,12.337816973461194
22.0,21.968343413531162
22.0,21.58329378776743
11.0,19.57698282962202
22.0,21.606977282408376
3.0,10.896286881049106
16.0,10.710519924692145
16.0,10.710519924692145
22.0,21.490397454256765
21.0,21.490397454256765
22.0,21.853526764326734
22.0,21.42380848316435
22.0,21.858071765805956
21.0,18.893935314826866
5.0,17.819474829247703
16.0,12.933559796797757
2.0,5.379588249820435
11.0,5.698010692936887
11.0,5.698010692936887
21.0,20.287221231373078
21.0,16.542355088665126
6.0,17.467121470481242
22.0,21.136253346720217
22.0,21.90448251338688
22.0,21.97479501338688
10.0,13.020772219784307
21.0,20.70537291309479
21.0,19.310927989969052
19.0,18.971264177319117
9.0,19.975205161250855
22.0,21.053011018869007
21.0,20.61458457764311
21.0,20.948108928775564
21.0,20.474040734922777
16.0,14.34334835090872
9.0,2.3809689424396545
13.0,12.255829323731458
2.0,8.784349265931377
21.0,19.12352337057228
21.0,21.16468750167494
22.0,21.722593357172325
22.0,21.909414820287683
22.0,21.78398772423559
22.0,20.870563871251562
21.0,20.912030297171462
22.0,21.892483408189246
22.0,21.78680389030156
21.0,13.923054264767478
17.0,17.001108430226214
5.0,19.819195963359455
15.0,13.120238110889257
21.0,21.035364478990164
