"tx_power","prediction(tx_power)"
-8.0,-1.4445268986695283
-4.0,-1.4445268986695283
-7.0,-1.4445268986695283
-4.0,-1.4445268986695283
-5.0,-1.4445268986695283
8.0,-1.4445268986695283
-2.0,-1.4445268986695283
3.0,-1.4445268986695283
-6.0,-1.4445268986695283
1.0,8.073223051866101
-1.0,-9.179911223239467
1.0,-8.33471475557952
-1.0,-10.57520730375669
-19.0,-10.57520730375669
-14.0,-10.57520730375669
5.0,7.875950220588851
20.0,7.875950220588851
20.0,7.875950220588851
19.0,7.875950220588851
18.0,7.875950220588851
7.0,7.875950220588851
-5.0,7.875950220588851
6.0,7.875950220588851
11.0,-0.23774792039526155
-2.0,-4.428742353319212
21.0,18.357876346512175
22.0,20.380411216029277
21.0,17.054377814117174
6.0,4.204418793840208
20.0,20.210842074842045
17.0,20.10111618825659
17.0,16.66616964085042
19.0,1.1505335786940813
17.0,9.615036986974067
-11.0,-1.128233187781076
7.0,13.850950476595472
20.0,7.8474259775819455
11.0,16.09704082342301
20.0,15.524492505446638
21.0,20.903073975921348
13.0,11.816823552752469
-1.0,6.753938176053053
21.0,16.511612362925273
22.0,17.211766602076157
22.0,21.332352510624304
-3.0,2.131981778682144
-9.0,0.16873235034698097
20.0,21.564480397244747
21.0,16.742601932517086
17.0,18.542750101500104
20.0,20.964336947695838
17.0,1.302483481456691
14.0,20.45699535822048
-5.0,-6.548754979581839
-4.0,2.390049600480428
4.0,-5.70582982874858
22.0,21.503909466740083
13.0,13.762718724243392
21.0,20.420787760003776
11.0,4.718743617272595
22.0,21.550292806817932
22.0,18.183290797287523
21.0,14.658425035729275
-9.0,-5.461097939153087
17.0,21.103281527446388
-26.0,6.590276209984912
22.0,21.544912344735028
20.0,21.56887597621081
19.0,21.796247524500917
2.0,5.500920030465818
-2.0,11.310724848782176
-3.0,-0.10457084625299372
18.0,8.927724617228684
18.0,8.927724617228684
4.0,8.47828346306635
21.0,18.243494142220104
22.0,21.709447380421405
22.0,21.772989047088075
22.0,21.10460704341978
22.0,21.07910721831058
6.0,-8.806193282445935
22.0,21.571947380421406
21.0,17.973815891503193
21.0,14.52157412194283
21.0,15.096912281876735
21.0,19.526622126559015
21.0,19.100742212657728
22.0,20.829763624573438
22.0,20.829763624573438
9.0,14.969379724237397
6.0,11.981883495236646
7.0,9.391489890076048
-11.0,0.4308648854572869
-11.0,0.4308648854572869
13.0,16.43575842854718
15.0,13.301195363089878
15.0,9.370257970097848
14.0,10.797784005132657
21.0,19.52574990050905
-7.0,21.325334487403936
7.0,18.886916570414392
-18.0,-9.03794946812784
16.0,19.30217788589111
-7.0,20.991437887744382
16.0,11.540272514888443
22.0,21.682040050970905
21.0,21.32020640399497
21.0,20.78962417646233
-17.0,-9.549934654124346
22.0,20.74314966118503
16.0,10.362903986540015
15.0,8.60467154584404
22.0,20.477389401407226
1.0,11.918205051129226
20.0,20.317580789239273
20.0,-1.1331848954693207
20.0,21.827971490766785
6.0,11.918205051129226
-4.0,11.918205051129226
6.0,2.140378670733709
22.0,21.467975766789664
22.0,21.580838840348274
18.0,19.970142292249736
22.0,21.94923434942996
22.0,21.581675554420322
21.0,20.79112996581722
16.0,8.40962514891907
-4.0,3.168810509587492
-5.0,2.7281089738645075
14.0,13.399660985535911
5.0,9.610601947174187
21.0,16.559465844293467
15.0,16.453355602555124
-2.0,-1.1112444545269733
19.0,18.65415455982115
17.0,14.546689524796609
9.0,12.459702318697907
5.0,7.6432328034623405
2.0,-1.807163846620811
2.0,11.10194312063074
19.0,11.211049479581114
21.0,20.27297859750101
22.0,16.59676815885763
16.0,17.766598501109854
-6.0,-5.482611777311781
8.0,0.04140102457494441
18.0,19.68561737502026
16.0,18.112943054778135
18.0,16.00553387196829
21.0,17.99682422732788
21.0,17.332329747676894
20.0,20.603162669766757
16.0,14.595158176475122
13.0,19.18153323454074
-10.0,-8.773114974129856
-2.0,11.811148247276178
13.0,11.811148247276178
8.0,10.696141515448844
7.0,13.650754151122758
6.0,-1.741758052730123
21.0,20.96049665001301
21.0,19.838498119125234
22.0,21.899337434140573
1.0,13.505795667245831
21.0,19.965882293345445
22.0,21.612654684825063
21.0,18.928987540817673
21.0,18.928987540817673
3.0,18.159919534490538
-3.0,4.080973715773388
22.0,17.879463539289087
22.0,21.682040050970905
19.0,16.362483175646652
5.0,-5.817664505906488
21.0,20.61458268418856
4.0,-4.688302033823948
-5.0,-4.314371204420002
12.0,12.144209696768355
16.0,6.341312548058546
21.0,6.679109174196174
20.0,13.98456672127902
12.0,15.780016264540658
21.0,19.862756781571047
4.0,2.447809001068129
21.0,14.22094649705147
-1.0,1.5471907733280776
21.0,19.41828832555958
21.0,18.86221023720251
22.0,21.83036138753205
21.0,19.550974534609875
-1.0,0.21459314519057812
22.0,21.765076152342953
22.0,21.31354786592393
20.0,19.867722322737542
17.0,21.193257216301
22.0,21.136821665541632
22.0,21.349741231724224
21.0,21.283615631635644
16.0,8.273715512315876
-7.0,0.8893992425717984
-5.0,0.6552268687883096
-4.0,2.6310933543652566
10.0,-9.825794270768329
1.0,6.679109174196174
7.0,16.053323556207324
3.0,0.5193584502897086
21.0,20.77439966118503
22.0,21.517418422406813
1.0,14.777091797489863
1.0,14.777091797489863
-10.0,-5.024550898722625
8.0,0.07565627871019454
17.0,3.250649610324503
12.0,6.186372220177535
-4.0,5.021726820411912
12.0,9.370257970097848
10.0,11.000060372645544
21.0,21.324163039439167
-1.0,6.6181396843097025
17.0,16.996135485881513
21.0,10.94658076807485
8.0,7.483493462739848
21.0,21.61355175793812
13.0,20.198847568829123
15.0,21.075157797847478
22.0,20.87545492124078
20.0,20.87603771733482
-10.0,-5.024550898722625
-10.0,-7.531797918331091
11.0,10.891973763518793
21.0,19.294809254370506
21.0,19.2448804586677
5.0,0.18287374363971487
8.0,5.366059720177535
-10.0,-8.522976331475865
-18.0,0.5270931451905783
16.0,14.168695301278785
21.0,16.96992166859494
16.0,18.676072499529177
20.0,21.571947380421406
9.0,11.632940232625643
15.0,20.793750822385853
19.0,13.301195363089878
13.0,4.808271513556155
10.0,18.070368274959844
18.0,20.247212719307587
21.0,17.663217262318526
18.0,10.507421508716575
-1.0,9.59056496941098
22.0,20.88648997107772
14.0,11.981883495236646
21.0,17.68792159820659
21.0,21.04162361637396
19.0,21.77874608645146
22.0,11.442909730906408
22.0,11.442909730906408
22.0,21.869750902012658
22.0,20.917799964032287
21.0,15.387696522758432
3.0,12.144209696768355
7.0,12.144209696768355
21.0,20.55190181602755
18.0,13.377037454847864
22.0,21.901810280666744
21.0,19.30217788589111
22.0,21.947002174864814
22.0,21.949259119309257
21.0,19.691813025897464
22.0,21.55793215599104
21.0,20.39724402021779
21.0,18.65579899508872
22.0,21.483746653369284
22.0,21.417217586294466
22.0,21.953999305299444
22.0,21.572126830282336
22.0,21.78556870422279
22.0,21.84296347703576
21.0,20.169496516896675
6.0,19.303798839020818
22.0,21.386528788763396
22.0,21.34163589271808
22.0,21.34752795751994
22.0,21.41233215455827
22.0,19.747248712759745
22.0,21.87318730142554
21.0,19.876743026653443
21.0,20.712536976654736
21.0,20.76979647696859
20.0,13.80487097951187
22.0,20.453083657657974
21.0,20.61061690614886
22.0,21.24737141829034
14.0,11.53587356773639
-12.0,0.7086216237937663
9.0,3.957861686322058
21.0,18.87163100378868
12.0,20.526011260605504
22.0,17.908656364090454
16.0,14.997911919193355
-1.0,-3.5827371812554576
21.0,19.18851011335185
12.0,19.637995224949762
22.0,21.95839776373121
22.0,21.95839776373121
22.0,21.95839776373121
22.0,21.95839776373121
22.0,21.95839776373121
19.0,18.719631350508728
22.0,21.160259165541632
22.0,19.819949631355
7.0,14.801424322603633
16.0,11.000060372645544
2.0,11.000060372645544
1.0,11.000060372645544
-8.0,-0.9153813911824792
21.0,18.682569663094597
18.0,12.818733529193304
2.0,4.522946723267499
7.0,16.523012715383366
22.0,21.34752795751994
11.0,14.888395828802366
5.0,-6.234195569989941
21.0,20.31776968815681
21.0,20.126188386461475
21.0,20.997417324973824
14.0,8.787662592684404
6.0,8.787662592684404
17.0,12.007255401793206
22.0,21.964577374683838
22.0,21.328142440284022
22.0,21.214362334977952
-19.0,-15.250145391505727
20.0,17.95838400790371
13.0,9.370257970097848
14.0,8.787662592684404
16.0,8.787662592684404
13.0,8.787662592684404
11.0,9.370257970097848
13.0,9.370257970097848
15.0,9.370257970097848
15.0,9.370257970097848
-5.0,9.370257970097848
21.0,15.537731168877263
21.0,15.096912281876735
22.0,21.167537413647413
22.0,20.948857606183843
10.0,6.587560570665454
21.0,14.1998826930271
21.0,21.206512065057556
20.0,18.586651187679784
21.0,21.11824548798302
21.0,21.59572267024231
21.0,21.028110786665337
21.0,19.576306543108164
-13.0,-8.332162456416025
-9.0,11.09641608819771
22.0,20.319348880464606
21.0,19.786087848337402
-5.0,-1.068968971696711
22.0,21.955298681598823
14.0,11.981883495236646
14.0,11.981883495236646
-3.0,-0.9153813911824792
7.0,5.203875511355766
-5.0,2.758238948756406
-12.0,-1.925418937060618
21.0,17.973815891503193
15.0,18.398253305096542
21.0,21.13875932043056
22.0,20.98824719530558
22.0,21.948528101153148
22.0,21.955298681598823
22.0,20.27481160457836
22.0,21.190500664429564
2.0,-2.910090228268393
-5.0,6.23797799804859
2.0,-1.8138274744481204
3.0,5.926679921125514
15.0,20.827780720274692
4.0,19.866556344329858
17.0,13.577333748260738
20.0,16.06075842854718
5.0,4.823560432067223
22.0,19.540668954348657
5.0,9.461434474663934
5.0,-0.7347020218045035
21.0,19.17618653190937
22.0,21.6125035292471
14.0,20.458893001924984
22.0,21.223160916665897
10.0,18.407469724405072
21.0,18.288986197815717
12.0,5.8543822106252845
18.0,11.981883495236646
5.0,12.935938459700004
3.0,16.328898632998527
22.0,18.407469724405072
8.0,18.12198049438052
10.0,16.47805253267657
22.0,21.851319937635555
22.0,21.549226684542738
11.0,19.349383179600675
21.0,18.729801117456052
21.0,18.729801117456052
22.0,21.95453111005
21.0,17.954743274959846
18.0,11.682228911766638
-2.0,6.570368920488674
17.0,20.265791984624833
21.0,20.399137397485273
17.0,12.03831802083391
-10.0,12.888823441626108
13.0,18.996755929541038
-7.0,2.305187473290352
-13.0,7.39585995108015
-1.0,5.8770244015715445
-9.0,2.461505813020006
5.0,2.305187473290352
5.0,3.779774457063992
21.0,18.687554183687666
22.0,20.81280302256567
21.0,11.918205051129226
22.0,21.479945102433174
22.0,20.15702405802476
22.0,21.901810280666744
21.0,21.843382220865383
13.0,17.005346088237545
-12.0,-1.925418937060618
21.0,16.53378299522205
21.0,20.17788055828532
22.0,21.05417030741471
20.0,21.52350360613842
21.0,13.552474783120235
21.0,16.65486301855618
13.0,15.21421668942232
13.0,15.21421668942232
21.0,17.89375200018026
21.0,20.64550141912817
19.0,21.15010843134877
21.0,18.736971020090717
22.0,21.251861555479696
5.0,21.783349984968915
21.0,21.8085903695843
6.0,4.94678142274524
21.0,18.018354698595285
17.0,13.071321565329962
13.0,6.754162050604059
20.0,20.866296136687357
21.0,20.724300628608628
22.0,20.53443408154369
22.0,20.53443408154369
22.0,21.45509490400254
14.0,19.588359735942944
15.0,17.183815843870175
22.0,21.236414870090208
3.0,19.241834869331896
22.0,20.331695056246073
18.0,14.801047596581983
21.0,20.71255908154369
5.0,17.212025238859045
-3.0,7.8148161151383215
12.0,8.608745195180008
14.0,7.250897430626202
9.0,6.230031064781611
18.0,13.594941302838906
21.0,20.82969054645583
13.0,15.967288380158733
22.0,21.89268938920364
20.0,16.155633515866988
21.0,19.701039811105453
22.0,21.91550330825143
15.0,21.612264597596184
22.0,21.713334335083
22.0,21.925239731414685
22.0,21.925239731414685
21.0,19.958449399415024
16.0,20.365391371186288
3.0,17.96897936496577
5.0,12.591097754150839
-2.0,-1.4372617829483993
16.0,19.736475923743484
21.0,18.33918025782291
-3.0,5.259947244426258
14.0,8.954880773104838
21.0,11.927778656190188
18.0,13.890619261883751
21.0,17.16112871064282
22.0,15.850994815454994
10.0,21.435581648977866
22.0,21.499841586138043
22.0,21.72632409178832
21.0,20.303785003460614
21.0,20.169038632372686
21.0,21.765401514741182
21.0,19.459976175399284
21.0,14.451811240052503
21.0,16.594970697267836
21.0,21.184668397658417
22.0,21.700709843629202
22.0,21.423164560006683
6.0,3.4462589876090117
-10.0,-2.1904590223170066
13.0,9.02866825545034
21.0,11.620594660719979
6.0,11.073595588093486
22.0,20.236821556433036
22.0,21.8327071547667
22.0,14.13599679181277
18.0,18.025924032003303
22.0,16.764616610326787
-1.0,4.837568821566985
21.0,18.367378531289624
21.0,18.367378531289624
20.0,16.3495800468254
18.0,21.228840751371518
17.0,7.771314692684185
21.0,20.909543651019
14.0,5.403669139571
20.0,20.87785188436828
20.0,21.843594067259207
15.0,11.454669662340423
7.0,3.462922288541778
18.0,13.933835035224016
21.0,19.840466358660844
21.0,20.651456520324835
22.0,18.961554321096333
21.0,20.818445495150502
22.0,21.738648786394464
21.0,20.951362926463492
16.0,13.708724783120235
13.0,12.432584685347779
7.0,3.5341288371902007
9.0,9.70658706637606
21.0,19.19742058520386
14.0,16.5371202543819
3.0,7.6558597926795295
22.0,21.48185574201522
9.0,12.421031424374583
12.0,10.972344860503883
5.0,13.996203016131894
10.0,12.432584685347779
21.0,21.098189523369083
22.0,20.414249311695546
22.0,20.229967227755143
21.0,17.183815843870175
22.0,21.914918645186425
22.0,21.960324887932927
2.0,13.687255713901491
21.0,19.191527719172072
22.0,21.144326068653694
22.0,20.187843532625983
9.0,2.42173346258658
16.0,15.643900075427041
21.0,19.19742058520386
22.0,21.3641147100491
14.0,13.912093288906448
21.0,20.894850304356694
21.0,21.293615616592138
16.0,6.93614160041104
17.0,18.846336880631277
22.0,13.552258395686748
22.0,20.98195058437592
21.0,20.389972194112673
16.0,19.600596810632606
11.0,6.576334366765237
19.0,16.22193043612575
12.0,10.61911623457255
21.0,16.398439178085194
21.0,15.508004645385114
19.0,12.128746188392139
8.0,14.240404702751787
17.0,13.823598232028948
22.0,21.764598547367886
21.0,21.253900777677828
22.0,21.23926784116989
21.0,19.364857942902333
6.0,10.686906934735607
15.0,19.196744958023082
22.0,20.88240161464626
14.0,19.419912501311096
22.0,21.753949115306053
22.0,21.174490275517464
21.0,20.965180144313887
21.0,19.484949570025215
-1.0,17.01390919829535
4.0,9.765379987150894
8.0,0.09268430765337898
21.0,10.965547420559112
18.0,10.113966069705091
18.0,10.113966069705091
22.0,21.95621118558747
22.0,21.95621118558747
21.0,21.36723309047214
21.0,20.472583308735466
11.0,13.799512665054127
21.0,21.505393740481132
21.0,11.257476555343235
22.0,21.747248736543416
21.0,20.747846188130563
21.0,20.342847503460614
-10.0,4.0264833903495205
21.0,20.55859584770739
21.0,20.55859584770739
21.0,15.447879275658833
9.0,6.429784382613872
4.0,4.468122782849306
21.0,13.182432537993064
21.0,18.480930447485402
22.0,21.39321671697512
22.0,21.709191721533276
21.0,11.680249896510153
22.0,21.438696346631193
14.0,10.677803610757884
22.0,21.361990037176962
11.0,6.7502492162628815
21.0,21.151138737733568
13.0,13.401839047234823
