"tx_power","prediction(tx_power)"
9.0,1.5895723776317705
9.0,-1.6268865079197932
-5.0,-1.6268865079197932
-5.0,-1.6268865079197932
8.0,-1.6268865079197932
7.0,-1.5405022041747278
-4.0,-1.5405022041747278
-3.0,-1.5405022041747278
-10.0,-1.6268865079197932
-7.0,-1.6268865079197932
5.0,-1.5405022041747278
-10.0,-1.6268865079197932
14.0,16.275998937845525
7.0,-8.828395247252752
-14.0,-8.635975796073
-13.0,-8.635975796073
-2.0,-11.557774269848398
7.0,-8.812304125065417
17.0,9.554972144017556
-3.0,9.554972144017556
-4.0,9.554972144017556
6.0,9.554972144017556
6.0,9.554972144017556
21.0,16.480800090387707
6.0,4.033895882941896
15.0,13.653916810779755
3.0,14.103945653587155
22.0,20.207292456732652
1.0,7.652398034539531
22.0,12.089919109086665
22.0,17.871875891094874
22.0,21.422875199087485
21.0,12.191861710365112
3.0,7.127546935014955
21.0,19.464893766876838
12.0,15.304841804341569
21.0,17.937145273889033
3.0,7.519285609880197
22.0,19.988188381440253
1.0,7.461776107919848
8.0,-0.48190705698431924
8.0,10.55789878545908
-24.0,-12.98694187157816
-12.0,17.652997627978994
20.0,20.038655540938116
-4.0,-2.247463873855816
22.0,21.480103734441016
22.0,21.169184694308765
22.0,21.30588979165364
22.0,20.795163707299217
21.0,19.9961456866176
22.0,20.776474953734443
21.0,19.248110378494868
22.0,21.110608042372736
15.0,14.371647322536823
18.0,4.085305982511105
14.0,6.9607345024501175
21.0,19.32839965829377
14.0,13.621943166521056
21.0,17.125665171828892
1.0,-12.494036145452313
21.0,16.13778041573102
13.0,-0.9050744206404189
17.0,4.281872664147174
10.0,2.0629666481460744
-1.0,9.34157301045394
17.0,16.817286948366075
3.0,3.618102713382341
22.0,19.06024763192774
6.0,3.9738581872402676
22.0,20.382963103399675
22.0,19.88159789791989
5.0,-2.843603580473868
22.0,20.570916402641714
15.0,12.58625234303773
18.0,12.58625234303773
22.0,17.43859088388015
22.0,21.310494636431187
-28.0,7.1546243497876825
4.0,12.564534124735825
11.0,4.25465708822847
22.0,21.824488676212454
22.0,21.461913416321458
22.0,21.5587515059709
19.0,14.357909746957715
19.0,14.357909746957715
4.0,6.286779847678412
5.0,2.7064780847635523
-3.0,3.7949315087006754
21.0,20.539737321648484
21.0,11.461166855181702
22.0,21.66967469922989
22.0,17.980902424015454
21.0,19.143586944652014
21.0,12.629588790585462
15.0,17.96708144498988
18.0,14.209036866855739
7.0,16.091217306344475
21.0,20.38617883330593
16.0,10.236606692850373
13.0,11.948763309705067
15.0,10.812423202055541
6.0,-0.656019551526076
21.0,19.74154045723435
21.0,15.399751691344845
-1.0,9.554340484176121
6.0,8.010735257286699
-7.0,7.926227077676735
21.0,19.311121938879932
21.0,20.3664761753164
22.0,21.875237556178828
22.0,21.80683698799378
22.0,21.924702960482726
21.0,20.881763216477427
6.0,12.748555551326842
16.0,16.272918089156438
21.0,19.241646237336795
21.0,20.9388906080996
22.0,20.89653250972098
22.0,19.0716966835571
21.0,19.142429012831766
9.0,6.009260969417509
22.0,21.76399083074519
22.0,21.474645427588868
21.0,17.20241393513789
22.0,20.5578824253164
21.0,20.09019024329588
22.0,20.97341455886128
-17.0,-10.827323730441464
-7.0,0.5443905970224395
22.0,20.73285140083904
22.0,19.412772621535844
22.0,17.6124380459553
21.0,18.364341275727586
3.0,15.036980977193032
19.0,15.833686909337239
21.0,14.935444267583955
21.0,14.935444267583955
22.0,20.627061062866254
22.0,20.236982643224238
22.0,21.657707448446473
21.0,14.028907162705078
22.0,19.8235185521756
22.0,21.074346420192455
22.0,21.156636197250823
3.0,11.48708101273523
21.0,16.978970619434694
1.0,-3.8834242280493463
15.0,10.218767394212176
11.0,5.556742593390095
20.0,19.502882263516994
22.0,21.31045754626637
21.0,21.119031042676873
-22.0,-0.23406080066766521
-12.0,2.2940554678943155
21.0,16.081231434263625
21.0,20.849997535662283
21.0,17.560630745991414
15.0,8.739939068766187
13.0,9.941536317522003
18.0,20.439152419687012
22.0,21.824114598948213
21.0,20.288484711027753
13.0,6.774921021386012
-3.0,4.399149045541596
21.0,17.96708144498988
22.0,21.14701275611418
21.0,20.629713166386768
22.0,19.34855275666694
21.0,20.881943888212774
18.0,19.793828732889004
22.0,21.75188009581662
21.0,12.629588790585462
13.0,17.96708144498988
8.0,6.622232230625823
16.0,15.073184862706306
22.0,21.62474915311013
22.0,21.726786698897676
22.0,21.85160236277997
7.0,4.091321320206923
21.0,17.835814003858047
21.0,18.64634410945816
21.0,16.268652202788466
22.0,21.181610862029594
-4.0,3.960077106393914
-13.0,-1.1575184722613263
21.0,19.497014396255075
21.0,19.538644131165963
21.0,17.8501198881909
18.0,16.670653365794507
22.0,20.727267137664356
20.0,14.489790961535041
21.0,20.69392556554493
21.0,20.67042287213081
22.0,19.82597995788444
21.0,15.477104422095131
1.0,-1.8132534064842243
21.0,13.912200968390191
21.0,20.2612569258018
8.0,15.381574786101366
-6.0,1.7575971345609815
21.0,20.055831417559386
6.0,18.669903871984776
22.0,21.048594734046553
12.0,7.1935924552868675
-9.0,-19.634844990942383
-4.0,3.134015031409863
11.0,14.559419437661933
-16.0,4.893554991440049
21.0,19.700679638751662
13.0,5.704610273931024
14.0,6.3960509512267025
21.0,19.347873336276965
-10.0,-6.4789155699697085
-4.0,-6.1289000866927426
7.0,8.703358166636557
11.0,-4.4210174094573516
-1.0,7.998890898202633
1.0,0.4847191456916583
16.0,14.493828281115688
4.0,19.84089416334954
21.0,20.726997351340472
21.0,20.601655283319907
21.0,18.857592374178836
9.0,7.795673226661542
22.0,19.824160813128508
22.0,21.24416407751827
22.0,21.664047575422103
22.0,21.00151333838947
21.0,21.05868665867485
19.0,19.143586944652014
19.0,19.143586944652014
8.0,6.613940169545234
-8.0,-0.23406080066766521
22.0,21.71962905037758
21.0,19.48380173059931
-24.0,-3.9396033651787996
14.0,9.42244459741868
-3.0,-1.1575184722613263
2.0,-1.1575184722613263
9.0,19.178064552390076
18.0,10.92181890945161
22.0,21.163298528489147
22.0,21.153595465380093
5.0,0.7561777891523561
11.0,5.080399334568063
-11.0,-4.941175801526076
-12.0,-0.3057149925165696
-7.0,4.172615053682204
21.0,18.831917189581993
9.0,4.244613084185879
2.0,-9.286824094249587
12.0,1.5868806203579782
22.0,21.122909724546503
12.0,11.840263526117141
-3.0,11.840263526117141
-23.0,1.698827409736892
21.0,17.01850165119092
22.0,21.40231246859223
22.0,19.21356492633026
7.0,3.6577880322022223
6.0,10.515872467088373
20.0,17.761642845062443
21.0,17.87218946979192
1.0,13.142330637161109
8.0,13.914344421574715
16.0,19.593152080664183
16.0,19.593152080664183
21.0,20.379547853086613
-2.0,0.6892604394150275
12.0,8.948472403430532
-15.0,-9.683965658239853
21.0,18.313605706346117
22.0,19.058712158502303
21.0,20.369294711567836
8.0,18.651652681683743
4.0,13.525422158031052
22.0,15.073184862706306
7.0,7.344907453300591
10.0,4.7980737079571805
21.0,19.56867262805565
21.0,19.77002423577623
22.0,21.802847903126214
22.0,21.854530595433907
22.0,21.63028333905786
22.0,21.802847903126214
22.0,21.89374377447658
22.0,21.824488676212454
22.0,21.226714792684184
22.0,21.512211141798506
20.0,21.40238008746307
22.0,21.40238008746307
21.0,15.678547000849543
9.0,13.914344421574715
21.0,20.897610851139895
1.0,15.72846767550472
22.0,21.904831514861193
15.0,17.912208653737284
6.0,7.725592184955959
8.0,11.5195547902543
21.0,8.539811529254948
21.0,12.880211641269689
6.0,0.9196412618429188
21.0,21.902969547782515
21.0,13.573633847884388
22.0,17.772090300685818
22.0,21.949128650813293
22.0,21.949128650813293
21.0,16.263281140384393
22.0,19.7036250712443
1.0,10.154568567340153
18.0,10.236606692850373
-8.0,-4.389685451161142
18.0,16.2643025503606
-3.0,9.983690043852718
-2.0,-2.0468565023807144
21.0,18.95442785996321
5.0,1.5139735746204062
8.0,-10.312656940497034
7.0,-8.234882956597438
21.0,19.976178066918457
5.0,8.697106790878648
22.0,20.28424756123064
21.0,16.82663113449272
16.0,12.52884444828936
21.0,16.739029641247832
21.0,15.073184862706306
-1.0,10.154568567340153
-1.0,10.236606692850373
-3.0,10.154568567340153
12.0,10.154568567340153
-9.0,10.154568567340153
9.0,10.154568567340153
15.0,10.236606692850373
4.0,10.154568567340153
9.0,10.154568567340153
15.0,10.154568567340153
8.0,7.663522678739826
16.0,15.527915099213013
22.0,21.326882921302133
22.0,21.681766863495426
21.0,16.588877471790223
4.0,12.97077012807828
8.0,-4.1618706790653555
21.0,18.951557884203698
-5.0,8.142853642043455
14.0,11.253642420054737
22.0,18.485601279307396
21.0,19.2792011164073
7.0,15.211204038743574
-6.0,-1.9829955022519554
22.0,20.780577568368393
12.0,9.825393786692729
21.0,20.1831319258018
3.0,7.563701050554126
5.0,10.260309020118676
8.0,-3.396815044987103
7.0,1.1338304631965772
-5.0,1.1338304631965772
22.0,20.87302648237694
22.0,21.837884371415047
-1.0,10.865691892044495
22.0,21.076748354652096
9.0,9.814830900720615
22.0,18.583624999636744
22.0,21.91288366210046
19.0,20.471044194086573
10.0,4.396133113832003
14.0,4.5549133651317755
22.0,21.60920107286907
3.0,5.266510421283306
21.0,19.728034327431487
21.0,19.738458656975027
21.0,9.984441164776962
21.0,17.808517845062443
20.0,15.683376575449218
10.0,3.3984803586278267
10.0,3.3984803586278267
21.0,16.784333011664895
17.0,11.527100727545509
18.0,20.85197958065251
21.0,19.212114072558794
22.0,21.41009966211332
19.0,20.232005075268717
10.0,-2.3840222129271744
10.0,-2.3840222129271744
20.0,12.143206003520937
17.0,11.271850600568685
3.0,4.714015839422431
13.0,12.271296683314851
22.0,17.461932921832954
22.0,21.885709827841175
22.0,21.28137187250643
21.0,18.71072998258392
-17.0,8.120326521438656
15.0,9.37201340550041
21.0,21.336514149791473
16.0,18.1798956850829
21.0,21.056651157036885
13.0,9.808813791396577
21.0,20.32080177828969
10.0,5.088334683466778
-5.0,1.8831486526086572
-5.0,1.8831486526086572
17.0,20.06317749162422
21.0,19.60316111487766
1.0,-1.9882664097714309
21.0,19.895332448795514
22.0,21.87309515792842
21.0,19.099500882691444
22.0,21.74127081256426
22.0,21.444747757409033
6.0,21.77580146100411
18.0,21.723123734761163
15.0,11.298805636366737
22.0,21.770353604445965
21.0,19.56816745788444
21.0,13.914344421574715
21.0,19.783336265663344
20.0,21.195907182245634
-3.0,6.393156904655359
21.0,20.234189750675817
22.0,21.863164848194526
22.0,21.398862556257118
22.0,21.803649706923366
7.0,-8.487264275521541
1.0,6.621308167832779
16.0,11.415902108247472
-8.0,-1.544148976390725
21.0,18.63364687233085
22.0,19.839765535815744
18.0,17.97128754915161
12.0,9.105308728921576
21.0,20.46676732061356
22.0,16.185891460321038
4.0,6.269085285856296
17.0,19.11505480811453
22.0,21.781773834222722
13.0,13.2606748309652
12.0,18.26680537827535
17.0,12.36084278619175
19.0,17.98221786421445
19.0,17.98221786421445
14.0,13.400680451675186
7.0,1.4691344485076427
21.0,18.154149941502716
21.0,16.463363597158143
15.0,17.18983464012203
15.0,18.373898573711053
21.0,17.532535053005
22.0,21.203501859167986
21.0,20.148202290103026
17.0,8.967656224773311
8.0,8.735842895881852
14.0,6.614045795833888
13.0,14.25756534449688
18.0,12.87669311758981
22.0,21.19254211473313
21.0,21.026083432885358
21.0,20.101237468803802
13.0,16.39173473211217
21.0,15.478758151893112
22.0,21.80672526701722
22.0,21.877357565402544
22.0,21.461554419076084
22.0,21.20458187221977
21.0,20.382029060163614
22.0,20.814534568031988
21.0,19.971202714034188
5.0,4.736884250369633
2.0,12.389803920665406
14.0,11.61084278619175
21.0,21.344205279999237
21.0,18.70055234189109
21.0,17.133998477719963
6.0,5.288499429636206
21.0,19.274155765013255
-2.0,7.872450335599631
10.0,20.155750322799772
12.0,10.111936278970328
16.0,17.943622737699368
21.0,19.662764882430757
21.0,21.335409949985316
22.0,21.591813328222578
22.0,21.64157334980009
22.0,21.277687446719185
20.0,21.59856065431012
22.0,21.648127239440544
22.0,21.82486391794275
22.0,21.264557171480796
21.0,15.877394080879402
-1.0,8.167888711753891
22.0,21.82069725127608
22.0,21.686652049505394
13.0,12.542684718246784
21.0,19.213854464050417
22.0,19.135381487076586
12.0,6.158439370368967
19.0,21.193433888681103
21.0,20.96859622634344
21.0,14.25870426260501
16.0,11.734414347465185
13.0,11.171688857533262
21.0,20.788742184300105
22.0,21.67879756792034
21.0,21.817769497220727
22.0,21.455432143419554
22.0,21.207319540472596
-1.0,21.80467282054946
-7.0,2.3158915343663278
19.0,21.250454969273527
22.0,20.987407877094814
20.0,14.960673123037315
20.0,21.080585915118945
15.0,12.781587353855025
-1.0,-7.315695445184469
22.0,21.4448663022903
16.0,11.94231437917664
21.0,19.480772931408136
22.0,18.49768098590624
21.0,20.284535045155135
22.0,21.4453216048588
22.0,21.25588171146975
21.0,18.836279290400146
17.0,16.591775218213787
7.0,4.414076576162563
22.0,21.306878158260737
12.0,11.327188334843918
19.0,14.07762840690315
12.0,3.710824775125941
21.0,21.157212297772013
3.0,13.898089465735518
18.0,15.44404421029252
21.0,20.221652051631683
18.0,13.945755315901794
7.0,2.354166272160501
21.0,18.920479983325595
21.0,17.18983464012203
4.0,-2.3666388584733182
4.0,-2.3666388584733182
22.0,21.788713346339858
19.0,19.45286300725708
17.0,4.733387816808888
21.0,20.19231830488877
21.0,19.997244380700856
21.0,21.775014335299492
21.0,21.0959210433363
13.0,10.643910003071007
21.0,20.483558023414624
21.0,18.54594613544682
4.0,14.127659279074031
5.0,18.591347929653182
21.0,20.51546146009983
21.0,20.22572992045601
-13.0,-3.3667955259750255
21.0,17.571104251231656
1.0,2.09722932029403
5.0,19.65412948560293
21.0,21.249188167048427
12.0,11.256233793191209
15.0,18.16596710835056
21.0,21.215250993949706
21.0,20.107871824671598
16.0,6.625249749976634
21.0,18.84467752183252
11.0,20.319772535116353
6.0,12.750044600722413
22.0,21.06184222625791
21.0,20.992615576775073
21.0,20.625083006725728
21.0,20.71892213934959
1.0,21.049407544609693
11.0,17.90234916533069
2.0,13.984901010868198
-5.0,6.152968885040785
13.0,18.221165834391087
19.0,21.25151866691753
21.0,21.329476896810664
17.0,14.388424408210478
17.0,14.388424408210478
22.0,21.623390978581597
22.0,21.51952395159498
8.0,14.407034673544489
22.0,19.61628835948333
22.0,21.922398834222722
22.0,21.51328146030273
22.0,21.19505646646445
21.0,21.227174522020007
22.0,21.591813328222578
21.0,20.951011549976712
21.0,20.521701137377896
21.0,19.963335144407587
21.0,17.98221786421445
-12.0,8.18862368279114
21.0,21.03081698816728
21.0,16.68480483453271
21.0,17.543735314698168
17.0,16.532750611870117
22.0,21.922719160955765
22.0,21.93005817610728
22.0,21.02778297566373
22.0,21.78688888837438
3.0,4.11189909583725
22.0,21.112935957166464
-9.0,6.213098568108225
21.0,15.96426148506093
22.0,21.87860355248059
22.0,21.93380206618094
20.0,20.257478677581503
21.0,21.777683438651906
21.0,21.525752835935698
22.0,21.59912372112763
3.0,6.022121695007211
-8.0,6.022121695007211
-2.0,12.577000317466037
10.0,12.199154731494708
21.0,19.80723664590034
