"tx_power","prediction(tx_power)"
-12.0,5.062793957908141
1.0,5.062793957908141
8.0,-1.213935884410094
-10.0,-1.213935884410094
-15.0,-1.213935884410094
-4.0,-1.213935884410094
-9.0,-0.9149705928347133
-2.0,-1.213935884410094
-7.0,-1.213935884410094
5.0,-0.9149705928347133
16.0,18.017974175307636
-20.0,-10.916290524201427
-9.0,-2.6287899039790616
-1.0,-10.916290524201427
-6.0,-10.916290524201427
6.0,8.48415723486508
6.0,9.444009370465313
19.0,9.444009370465313
7.0,8.48415723486508
6.0,8.48415723486508
17.0,8.48415723486508
19.0,8.48415723486508
19.0,8.48415723486508
7.0,8.48415723486508
10.0,11.003383338874702
15.0,13.621975052667832
-5.0,-1.6313422844214303
1.0,5.349430527498251
14.0,19.970748981848246
11.0,-0.29326544107160024
-13.0,-2.6820224186196975
21.0,20.191305988106915
19.0,17.551960479181062
15.0,-7.571245043081293
15.0,4.2597903075872185
-4.0,8.134941039211341
-15.0,-6.221108484018362
18.0,16.774838560967968
7.0,3.0667780723452567
5.0,8.4416509239442
8.0,11.089628766903783
11.0,13.712667186817201
-6.0,20.29592020071062
13.0,13.448486961436574
11.0,12.013418250925831
22.0,21.143660272104775
22.0,20.77388272688122
21.0,14.178625418241658
6.0,2.1727643166428985
21.0,20.297025241799815
6.0,9.472430957922318
22.0,21.42771286789283
19.0,20.44291229578226
-16.0,-3.504561337578593
17.0,12.74366392770398
22.0,20.64611967566378
21.0,13.42247273810532
22.0,21.044247120766002
5.0,8.604643491127979
1.0,-2.8927249246397793
-17.0,-7.635949302478277
22.0,21.534664943594905
21.0,16.39458071143658
1.0,5.424877878491433
21.0,14.772282645902221
22.0,21.120601555710756
22.0,21.59558920301616
22.0,20.86770090823964
-13.0,-4.79707636640802
17.0,20.733319409141505
22.0,17.41833027675813
22.0,21.66198494485619
21.0,20.94220894400704
22.0,21.60420183416062
21.0,13.351295937851514
3.0,1.8829905639587368
21.0,20.396787706875763
22.0,20.921927338473076
21.0,20.414809422504177
22.0,21.070649092954582
21.0,20.3716071421001
-12.0,14.316965062768672
14.0,15.441998488478664
21.0,16.817846961991613
21.0,19.76229084403116
21.0,19.94075682295168
21.0,19.76229084403116
21.0,19.761043130751364
12.0,8.845352461992972
6.0,3.8463913466036272
22.0,21.07343156498631
-10.0,18.877847943718407
7.0,2.200635781787122
22.0,21.842833089804607
22.0,21.844253544350064
21.0,20.71458234969024
22.0,21.1655912626722
11.0,10.547282370453656
3.0,6.269915235982369
22.0,21.70911039856189
22.0,21.717544456507337
19.0,14.087790234994605
21.0,20.65224458297548
21.0,20.784271993040203
21.0,19.690708675258136
21.0,20.677805856614242
21.0,19.83266993637652
17.0,12.83600764823911
16.0,20.35048317710945
-2.0,-3.582652566084695
21.0,19.211802618763734
12.0,13.162240182533337
10.0,0.8344645919791054
21.0,21.08662329227228
21.0,17.710125690182448
21.0,20.41532315341553
21.0,16.296500976837414
21.0,20.585646695960882
18.0,12.05700127876968
14.0,20.651766531125098
22.0,21.085251539595767
22.0,21.704324298052843
22.0,21.67230921250392
11.0,3.9347011610106355
21.0,21.21981473661072
10.0,19.458885655924263
-7.0,-10.628631214227484
-4.0,5.140032561496882
12.0,8.083195248171304
3.0,4.188553746840247
22.0,20.987186372716117
21.0,20.555929011056357
21.0,20.760493038801986
21.0,17.388889273788752
-3.0,6.131308952893639
-13.0,-3.991189730923212
21.0,19.879083978763937
22.0,19.831397499478882
22.0,21.781753544350064
22.0,21.839603246731013
22.0,21.70903743151763
7.0,6.431769539642119
14.0,12.352898031240306
-4.0,9.914090404080346
6.0,6.329202495863053
21.0,18.877847943718407
22.0,20.350161697590927
21.0,20.856833230192183
-8.0,4.8579097042473
-8.0,4.8579097042473
4.0,5.784279411938432
-1.0,-6.045860860405448
17.0,7.671424143529974
14.0,12.68254683796781
7.0,2.1903606944189318
5.0,1.9050578880127522
17.0,10.709738941163526
15.0,15.69043036069508
4.0,-3.2897879853330827
2.0,2.1849634508283224
-5.0,-4.992481640679459
-1.0,12.19787115767574
1.0,-6.050344650105108
21.0,19.148824543151157
21.0,17.876029403962008
15.0,20.31767866783879
22.0,19.641186851889984
21.0,16.47818929798284
1.0,-3.4389580716386883
18.0,15.842610061391394
-13.0,2.0285324150475383
4.0,-0.8188634182857945
19.0,13.848821290271067
21.0,20.119181613165978
9.0,15.843881348054062
7.0,11.075637347412213
5.0,6.272077737668098
22.0,21.63445623570756
22.0,21.63445623570756
16.0,18.362222943718407
22.0,20.931364718054024
22.0,21.495803192455128
21.0,21.355391470804285
5.0,10.067238674681093
13.0,2.4846220275312776
21.0,20.865852496229152
21.0,19.611875224065873
4.0,0.005264268970540581
22.0,21.187118311518503
21.0,20.49831003211228
21.0,12.73310636457364
21.0,9.14674058363046
2.0,12.666848924097451
-27.0,17.317446552876106
21.0,15.085454803454885
21.0,11.41164876716158
13.0,2.6523995311274353
13.0,7.798695678951131
22.0,20.329807409544127
10.0,5.356251362694325
14.0,19.457924079669976
20.0,13.299625000467751
20.0,18.092298008432895
-1.0,10.02125186241368
21.0,21.340118775967447
9.0,19.364698208720586
18.0,20.277890754188522
21.0,21.340475421038537
19.0,14.55956205614718
-12.0,-9.019775466824973
4.0,-9.019775466824973
-10.0,-6.171571401686244
9.0,19.04792263578147
9.0,17.958437481501747
9.0,17.958437481501747
15.0,10.619758161621192
-22.0,2.886308140023227
-14.0,4.969694696207019
-14.0,4.969694696207019
2.0,13.540537160293578
14.0,12.276250516153116
17.0,18.79368458186152
11.0,12.337191836471954
5.0,10.34720316155743
22.0,21.30770536161072
21.0,19.214935169618368
16.0,19.396701908965188
21.0,21.48173130007487
12.0,19.457441605167396
18.0,18.56928972119418
8.0,6.6651999447761145
-15.0,-9.803136289989462
15.0,19.54053018924007
22.0,18.011382241390802
21.0,19.54279154038973
21.0,16.817846961991613
4.0,12.158320842945411
22.0,21.837348004356286
22.0,21.54661576320005
21.0,15.317015713404027
15.0,17.831866336898052
22.0,21.80134654018276
16.0,13.053171426820757
21.0,20.19693445632172
18.0,13.024177869213524
22.0,21.64263118151763
22.0,21.68390778104474
-6.0,8.363259165883047
21.0,19.835772251604105
22.0,21.70911039856189
22.0,21.7728888076528
21.0,20.422060281149655
21.0,21.235460086096552
22.0,21.40548258120884
22.0,21.842591137644412
22.0,21.83453263138618
22.0,20.89087506083481
22.0,21.035789880957555
21.0,19.738626668648553
21.0,21.317861558307314
22.0,21.155410348049163
22.0,21.78311251520251
22.0,21.7563268009168
-1.0,9.929715404080346
22.0,20.68436379834716
22.0,21.71241953630641
5.0,0.43341407055784215
-14.0,-1.0046393105974956
21.0,18.559692577189043
16.0,18.08670848239024
5.0,12.311592429772471
19.0,20.54951711326733
21.0,20.520871279934
-5.0,-0.3394879510356688
21.0,14.105345341263494
21.0,20.949810811738057
14.0,10.520091789631776
21.0,16.94227469045542
21.0,20.23459776044278
22.0,21.798416567932012
22.0,21.798416567932012
21.0,19.304247350820347
21.0,19.304247350820347
5.0,5.688639402012591
8.0,17.96644613390913
17.0,7.499448492369377
17.0,7.499448492369377
22.0,20.413938130982874
21.0,17.52904764131037
1.0,9.14674058363046
14.0,11.017693252009662
-7.0,-2.175971200785786
21.0,18.433134093646157
17.0,13.79609252142751
18.0,16.580863263105805
21.0,15.569561777262287
-6.0,3.682477789933864
21.0,19.52661684944403
21.0,19.52661684944403
21.0,20.07216139670077
12.0,6.458758578605099
21.0,20.171363272154508
17.0,15.804182834394814
-2.0,-7.413772849774732
21.0,20.824793097110042
21.0,20.93495605235493
21.0,21.317940192558396
21.0,20.889011903528033
21.0,21.35885307527603
21.0,17.525236221099238
21.0,19.503619268667606
17.0,19.87018143250916
14.0,9.14674058363046
14.0,8.845352461992972
14.0,9.14674058363046
14.0,9.14674058363046
15.0,9.14674058363046
13.0,12.910206562166026
21.0,19.45808709706726
22.0,21.54661576320005
22.0,21.179435749217866
22.0,21.410690914542172
14.0,10.708313782676502
4.0,1.02321899671748
1.0,7.224432576069656
21.0,17.688088133923795
3.0,-2.2652306329070173
20.0,18.96012898266814
22.0,15.076482573617774
21.0,20.89107914673083
22.0,21.558794471206518
3.0,-0.2600374843266231
22.0,21.822143678911797
22.0,21.830912412442753
22.0,21.648660837762996
13.0,14.991625773263262
13.0,10.332900511295025
7.0,6.708200887284464
22.0,21.812970482564197
21.0,20.783969936171985
21.0,19.49310603246603
22.0,19.622423210303182
22.0,21.648193675266057
21.0,19.409446522305213
22.0,21.842691044350065
22.0,21.82401903008981
22.0,20.313302134833858
22.0,21.83382240411345
22.0,21.73297013138618
22.0,21.642135780726946
20.0,20.408068535078762
-28.0,9.383249551820755
2.0,-2.1644334685263598
6.0,11.82820804280897
21.0,18.559692577189043
21.0,17.60266132718904
21.0,16.547181473585553
4.0,20.209369286876644
21.0,20.313535953543308
22.0,20.083038894072644
21.0,20.155236955857866
22.0,21.317311465566032
-3.0,-0.9274045749671795
18.0,12.73310636457364
21.0,19.38178972119418
8.0,16.93114753277624
22.0,21.799662412442753
22.0,21.710089600994944
17.0,19.753506536742634
22.0,21.657784640986137
22.0,21.73132208634038
-11.0,-8.065601746815673
13.0,7.941039236575157
18.0,8.742999615913316
13.0,19.283852580332653
13.0,19.283852580332653
2.0,12.855225667881122
5.0,10.559065263842308
-3.0,12.683711988089241
-18.0,10.758957626456437
-2.0,6.1682848565344095
13.0,18.52484712143274
-13.0,2.382990563958737
21.0,19.016377470652397
21.0,16.817485464551734
21.0,20.699852878757405
22.0,21.70911039856189
2.0,12.05700127876968
13.0,12.05700127876968
12.0,9.295346216388623
21.0,12.019920257849206
22.0,21.838926839804607
22.0,21.842691044350065
21.0,12.910206562166026
21.0,19.5743983357145
22.0,21.317311465566032
22.0,21.398181613946935
13.0,13.710823216199104
21.0,16.479936963593715
4.0,1.806504446500184
21.0,19.905276507926846
22.0,20.00521603060946
-9.0,0.5193081421874518
6.0,9.503005102318996
15.0,13.095062917585356
17.0,21.01865533673073
14.0,-1.3436482988596765
19.0,13.359200313475954
19.0,21.283396549016015
22.0,19.768766223201478
22.0,21.766316053352025
22.0,21.832229918898246
22.0,21.694105865855104
21.0,20.6593931209479
21.0,19.218002534392856
21.0,18.485990903186167
21.0,17.062521884856753
3.0,1.8069661036398368
5.0,-1.9241232717868726
21.0,19.485654364643537
-12.0,-2.220003736463244
14.0,8.363823993109408
21.0,18.81465820292886
6.0,3.218407154962304
22.0,21.694473242271552
15.0,7.9879677858096345
22.0,20.568717022187837
-2.0,18.306274702172626
21.0,16.87742032854267
9.0,6.493316139806577
18.0,13.050064743572666
-7.0,-3.6527880995765374
16.0,13.719706902472637
22.0,21.09459346674852
21.0,21.29558228432178
21.0,21.524392089321648
21.0,21.46634169348096
22.0,21.57069276783614
21.0,21.71615027097329
22.0,21.209760287345922
22.0,21.832229918898246
22.0,21.672566053352025
21.0,16.57718673416597
21.0,16.57718673416597
15.0,10.675032866988902
20.0,16.89196927930023
22.0,21.591585691999544
22.0,21.591585691999544
22.0,21.846190836452557
22.0,21.7675620629047
22.0,21.826774792376764
21.0,14.962478313090516
14.0,12.885746106154725
22.0,21.0366670886935
21.0,19.117678649059375
21.0,18.128603317567645
6.0,9.735251543832275
6.0,9.735251543832275
21.0,21.217053055031716
21.0,18.612930708042928
21.0,18.612930708042928
21.0,20.929049503770468
21.0,15.601419809247531
11.0,19.552343309468355
21.0,14.152312122957632
22.0,20.328158065794828
21.0,18.036880139739996
21.0,16.954257084891864
18.0,13.064817905936636
6.0,-2.0298671488289872
21.0,17.031819353846874
13.0,10.34167138409482
20.0,20.75145220162496
22.0,18.483623498680164
21.0,21.29458788038693
22.0,20.07913934568114
22.0,21.750491527602186
22.0,21.391453850630683
21.0,21.16189627826675
20.0,15.797730549161107
22.0,21.477786782302356
22.0,21.43716156758294
22.0,21.48331431000354
22.0,21.697972003682047
22.0,17.496173055616744
5.0,17.025648159190947
22.0,21.502269450441446
22.0,21.38805786213232
22.0,21.166633042176716
20.0,14.06989446852916
-14.0,15.909533287414362
21.0,20.95822508101966
13.0,7.364837342348452
-10.0,-3.543590916055398
16.0,11.76320551502655
16.0,0.8188926452702878
9.0,10.291310929798929
4.0,11.915879070146504
12.0,16.57718673416597
22.0,21.11291565027961
22.0,21.810329555893944
22.0,21.810329555893944
22.0,21.627792596674933
22.0,21.128959449922384
20.0,19.098406756694025
20.0,19.098406756694025
22.0,21.854325024916395
2.0,18.97497061286154
22.0,21.500722844236247
8.0,-3.2633705239368647
22.0,21.721136257170556
6.0,13.744361962040745
22.0,9.010138320278362
22.0,21.166348789111684
21.0,20.301218355995854
20.0,21.216776634256945
20.0,20.96898902064784
11.0,21.462506594321415
20.0,21.166633042176716
19.0,10.301975118425128
2.0,-4.194202906262742
22.0,21.563668678942378
-3.0,-2.226332755496318
18.0,19.772689936715
22.0,20.327275203166533
21.0,20.68575211817163
21.0,17.808085714155965
21.0,16.54085180505869
18.0,6.467165314085483
21.0,20.757356084622106
-23.0,15.873479869095378
21.0,20.348102601422045
8.0,18.348844264090754
21.0,21.158786590192257
8.0,14.850782612295816
22.0,21.58013017141066
22.0,21.85087444972113
22.0,21.700188066287204
13.0,13.152626434525743
13.0,13.152626434525743
21.0,20.83626561626879
22.0,21.23122132027224
22.0,20.992969931186984
22.0,18.989321051279493
22.0,21.44150169918844
6.0,6.932218356281514
19.0,12.65150761653072
21.0,20.845511301052703
21.0,20.167960023877377
21.0,12.455174134857165
21.0,18.29070162417076
21.0,19.244934626130863
22.0,21.68339108006791
14.0,11.683419685706403
13.0,8.925004717428155
13.0,8.925004717428155
22.0,21.58797350314658
14.0,4.274245227793865
14.0,4.477370227793866
17.0,5.6637798974188165
17.0,5.6637798974188165
21.0,17.153998200980638
6.0,14.173777315014517
22.0,20.841774399804628
17.0,8.616698364545456
21.0,19.937159903036594
10.0,17.074388528761236
19.0,19.31915287804726
14.0,12.611734880253417
-2.0,11.440570107526144
12.0,11.631866180088904
20.0,19.758486752306343
17.0,13.359200313475954
22.0,21.58022576749674
22.0,21.784557254743994
21.0,14.007738309440505
-12.0,2.3905901384386343
21.0,18.89098217928815
22.0,21.404621250200876
22.0,21.607599449464274
21.0,21.5720835764484
22.0,21.686901374655243
22.0,13.389802820672422
21.0,21.77311512470424
20.0,17.85971049845821
21.0,15.323286472766227
21.0,20.624639062073836
21.0,18.990066204536607
3.0,-9.304320753804983
22.0,21.89975337886426
22.0,21.89975337886426
22.0,21.832045045530926
3.0,6.678937510124488
22.0,21.577933657916518
21.0,9.662927507251977
4.0,13.359200313475954
21.0,20.973385355747464
4.0,11.679930755033482
21.0,18.11404230843106
21.0,6.738304128771586
21.0,18.232841686460723
21.0,20.92168823035582
22.0,21.75156743330063
21.0,20.795171240846166
19.0,15.55298258130263
21.0,17.61847745395019
9.0,4.6460158404270935
20.0,14.625048520513543
13.0,12.289261731154724
21.0,12.668163338006652
5.0,3.9463171723343615
6.0,6.690443931805976
9.0,5.832654028133639
22.0,21.077927694278998
21.0,20.086805757393225
22.0,21.707547080574862
17.0,16.70853067842742
