"tx_power","prediction(tx_power)"
4.0,-1.7305482573973632
-6.0,-1.7305482573973632
-8.0,-1.7305482573973632
10.0,-1.7305482573973632
8.0,-1.7305482573973632
-10.0,-1.7305482573973632
8.0,-1.7305482573973632
7.0,-1.7305482573973632
-10.0,-1.7305482573973632
-9.0,-1.13493988227289
8.0,-1.13493988227289
9.0,-1.13493988227289
-15.0,-1.13493988227289
-8.0,-1.7305482573973632
7.0,-1.7305482573973632
-4.0,-1.13493988227289
-11.0,-1.7305482573973632
1.0,-9.707398713281629
-2.0,-11.66735537940908
5.0,11.478743227918791
21.0,10.324502410243976
17.0,9.727505756532393
5.0,8.862168548114967
18.0,8.862168548114967
7.0,2.8027330248928535
21.0,9.719984763832725
-14.0,-1.4086070488269309
20.0,7.575971229696426
-13.0,-11.409509052047124
21.0,7.230492864355986
-1.0,4.808792338302941
19.0,10.021327950301886
22.0,21.2931926789241
18.0,17.249321763455875
6.0,5.163031966220721
-7.0,7.596189347231171
-4.0,-0.9669471717212152
-3.0,6.167803544650872
13.0,12.385189582794421
21.0,17.067957413565097
21.0,18.011766938894475
10.0,5.324887653142953
-11.0,-6.821702934553508
14.0,3.5980886236202396
15.0,15.513773107435439
22.0,19.57820493627213
21.0,19.111835920028483
12.0,4.342048839346892
22.0,21.626465028202958
21.0,19.985808845221616
21.0,20.069574139533785
1.0,3.8863414669356504
21.0,10.012712318770209
22.0,20.90195944350342
22.0,21.55723853233335
12.0,15.929559682199518
-5.0,6.100416096136126
21.0,18.439738742926707
5.0,1.7850497430803007
17.0,17.336100053631814
21.0,16.833582413565097
21.0,20.611238922308484
20.0,16.694907064029515
1.0,7.6054975537594816
21.0,14.031897763512664
21.0,19.34100257021042
7.0,13.150856719120652
8.0,21.73923978167569
22.0,20.87247233074051
21.0,16.883553755224003
2.0,5.051223128563311
10.0,1.8491689334815362
3.0,9.095272803266647
11.0,13.514051854423974
21.0,17.13074262171182
5.0,8.776266969652642
18.0,13.487008525245471
21.0,14.897392980330572
21.0,19.076375508497158
21.0,16.67106518681776
21.0,16.67106518681776
18.0,12.784430194647978
21.0,20.10170343719028
21.0,17.000739658551513
21.0,20.055696492745838
16.0,19.42697587038091
12.0,9.329817386832719
7.0,9.615703712354149
21.0,20.843084293014726
10.0,8.210407172106391
22.0,21.77082219363251
22.0,21.45455571816834
-6.0,0.5893774222083926
21.0,20.746873602227872
21.0,15.669861722589117
3.0,5.854470389397217
22.0,17.743587170162655
22.0,21.202845076823372
21.0,19.94380794830512
17.0,12.265608806944535
-7.0,-2.0367252921566297
21.0,16.65794024836054
4.0,12.416228363730289
14.0,17.54011002161432
22.0,21.53065676527898
11.0,7.1501577340482205
21.0,21.019862609505164
22.0,13.45495511984053
21.0,19.69961979032605
21.0,20.661101030815587
20.0,11.877473006581619
21.0,7.063088333176376
21.0,21.299811236692605
21.0,17.625467002424276
22.0,21.7750412223989
22.0,20.546832465661858
22.0,21.79170124458077
22.0,21.79170124458077
-4.0,6.849471134615616
14.0,12.81331740552398
5.0,10.894493998597886
21.0,20.899031946298717
21.0,16.240060240196197
-9.0,-2.2974671084285814
2.0,-1.48960566625268
16.0,5.273261505964791
12.0,2.7634850512394245
21.0,18.63153152466465
9.0,3.2261424860970203
21.0,21.120887813656783
5.0,2.3116048660419595
13.0,19.2768019356723
17.0,17.594217002424276
17.0,17.594217002424276
-14.0,-2.488995940509645
10.0,15.797399652272098
10.0,15.797399652272098
21.0,17.10405300785945
21.0,20.674735188971976
22.0,21.72763335268307
22.0,21.61241925153874
22.0,21.404625463323214
21.0,20.698766016683404
18.0,20.82040202134716
13.0,14.55437402713242
13.0,7.795778084881671
22.0,21.804427025192798
18.0,14.852524033428548
22.0,21.677175188637044
8.0,17.12196564650297
8.0,17.12196564650297
1.0,16.544742067073297
11.0,15.346886827218833
1.0,-2.0479776552876134
21.0,20.902871029854523
21.0,20.902871029854523
21.0,20.41390374083759
17.0,14.509193967213719
1.0,-2.0209851179166485
22.0,21.11575352041979
13.0,17.667960040160505
-21.0,8.246798933324953
-17.0,2.733612279166753
21.0,10.869085717424262
19.0,19.879719144461237
21.0,9.329817386832719
19.0,13.326304090261075
21.0,9.329817386832719
19.0,20.880274646365837
21.0,21.399187282927375
21.0,21.45905635778955
5.0,10.1777752420304
16.0,6.00808795625821
-10.0,0.8011483224759268
21.0,19.258931383010584
19.0,15.373636392241801
3.0,15.122477426868304
-4.0,-5.570245945909592
6.0,-7.2198761270050245
3.0,12.322948212357993
17.0,21.104798553589728
21.0,21.30555281362707
-1.0,6.756988810324966
22.0,20.91713473213816
21.0,20.41654505228115
18.0,19.419654811294546
10.0,5.707762470614913
21.0,18.273328032949333
-3.0,1.2885638010868214
4.0,12.252030938959804
-1.0,14.321231309302988
21.0,21.821005449457857
18.0,20.14729758489326
21.0,16.452298086085356
2.0,13.977198822565779
22.0,21.556566206546048
21.0,21.581531471927693
14.0,9.59022581886704
2.0,-3.2442740013897633
2.0,-6.867969021647284
3.0,-4.838181756217825
11.0,9.227949782588386
21.0,18.836118568552543
21.0,20.923798305585272
8.0,14.21709258814952
-2.0,7.375507909849399
11.0,15.222772560169048
1.0,8.904217695230908
-2.0,-9.546177395782644
16.0,12.131432426460629
-23.0,9.879338812585242
19.0,12.050287572875465
11.0,7.730558771600694
11.0,7.730558771600694
22.0,20.729418728692337
8.0,5.773782716109619
22.0,19.347399779116454
10.0,17.65472387145726
-38.0,-20.572793992742646
12.0,10.166887805960807
4.0,4.614275922166183
8.0,3.5529790767695637
-1.0,3.423250184417883
21.0,19.360541510801937
-15.0,-7.794356822247001
13.0,2.607795078880286
22.0,17.961647679575577
11.0,1.3615806618108601
13.0,5.416136908210313
12.0,16.541348527795876
22.0,18.662531249391684
21.0,21.379148681816293
22.0,20.864887777153626
21.0,17.48281802927299
22.0,21.66111478167569
21.0,16.053198408496687
21.0,18.123187025873964
21.0,18.447433472826788
22.0,21.675400117095403
21.0,20.288040669068845
18.0,13.262773022578736
13.0,19.288149953900337
15.0,17.405901088657004
21.0,17.18103133491577
-8.0,-8.281172325201034
-13.0,0.059325997699294725
21.0,19.079466356228743
22.0,21.932406515297597
21.0,21.36805281362707
21.0,21.07629530439698
22.0,21.167787294626986
9.0,19.965888998790607
22.0,21.556566206546048
22.0,21.757664494248992
22.0,21.757664494248992
21.0,20.318723893426593
21.0,19.497708409593464
21.0,18.206683830676223
22.0,21.619077591872838
22.0,10.616236596735321
5.0,16.053198408496687
19.0,21.109242241865136
22.0,19.157041728060968
-13.0,-8.940550436615009
4.0,7.558905762224907
2.0,-5.81991925543726
22.0,20.310887776352228
21.0,19.466408320514457
18.0,16.024186302709396
10.0,15.843803455132846
1.0,10.646380539186525
21.0,19.335957947260873
-3.0,0.5089770374593172
15.0,9.831193130221944
16.0,13.432774586420033
7.0,16.306174450629193
21.0,18.537230347719564
22.0,21.799800482364887
22.0,21.115351508281424
15.0,10.642347629730427
13.0,9.879338812585242
14.0,10.642347629730427
1.0,10.642347629730427
3.0,6.690380087051857
20.0,13.728590377943945
21.0,18.536306459144594
22.0,19.241711650093745
-13.0,-6.902750281196538
1.0,10.166887805960807
-6.0,0.6562984660307458
21.0,20.386548289104887
11.0,6.700852134174925
3.0,13.06256901664878
22.0,16.87357665610067
-11.0,5.051223128563311
21.0,19.952198448143
2.0,-9.68342712951779
6.0,-6.710248046520544
-5.0,7.756359224976053
-5.0,7.756359224976053
22.0,20.8574131964053
21.0,21.45455571816834
6.0,11.45803010309356
21.0,21.141661467459755
21.0,19.819706676358933
22.0,21.501729567397742
16.0,13.271061496580582
13.0,16.829567766722278
4.0,9.353920294354532
1.0,9.353920294354532
9.0,9.879338812585242
15.0,9.879338812585242
13.0,9.353920294354532
22.0,21.797036041991266
21.0,20.84952301420072
22.0,21.828297123551554
22.0,21.509669867644988
22.0,20.545827589069823
21.0,21.218368295645856
22.0,21.75339028959587
3.0,-5.8249095339915575
21.0,18.928892562161217
11.0,-2.905256026406307
10.0,1.1350643186148615
10.0,1.1350643186148615
8.0,6.906930414209026
21.0,18.230356820208154
15.0,11.849688027386449
4.0,-3.208797113423364
13.0,12.418906642985132
21.0,20.571444792815154
14.0,10.29646668089489
21.0,21.252673411765986
21.0,20.59265944340186
21.0,17.169730628407542
20.0,20.929981733852298
19.0,21.782609574761388
10.0,14.852524033428548
19.0,19.43219371736207
3.0,0.34969224780052977
3.0,11.264418050900058
5.0,7.654778256733023
-13.0,7.039622508721362
20.0,20.66708243173596
-1.0,7.5463144699333125
-5.0,-1.058579107105111
4.0,-3.2755880554113
21.0,20.40804824105803
-8.0,19.234029372875384
21.0,20.16998364402489
21.0,18.100523491797993
21.0,18.93208995515982
13.0,8.600588333176374
21.0,20.50214697494039
-13.0,-2.6125029750595052
12.0,19.40091696021293
14.0,21.75117717631221
14.0,20.99551620777575
2.0,14.28244733782859
-5.0,-1.34436431706342
22.0,19.288149953900337
21.0,21.26285687161324
21.0,21.26285687161324
22.0,21.74361852773155
22.0,21.556321313005313
22.0,21.852072554126195
13.0,7.094140777804974
15.0,13.881890273937513
4.0,2.636538225991323
21.0,19.752616120818356
21.0,15.441676043815084
21.0,20.477983474290074
13.0,11.57777724403202
22.0,21.751720976137793
12.0,10.839992294192902
18.0,15.048130617193728
20.0,20.23331391604167
21.0,21.220804061997573
21.0,19.93974132682947
21.0,17.84813826015308
-7.0,3.4905692596918807
10.0,6.788799939041213
19.0,15.969439738998789
20.0,17.169730628407542
21.0,20.901471187669888
21.0,15.07897351125779
16.0,9.150649456705386
16.0,9.150649456705386
22.0,21.44298303456012
8.0,15.039882681822768
22.0,21.804427025192798
22.0,21.218368295645856
21.0,13.044803252191493
8.0,11.626262491554415
-3.0,12.050287572875465
7.0,11.626262491554415
9.0,6.830647832444311
22.0,21.489477316154208
6.0,15.757433943410618
3.0,9.566564177921524
21.0,17.04334188901768
-5.0,-0.8097225898858604
-8.0,0.4448461722083924
-13.0,0.4051536052666523
19.0,6.094047746518271
19.0,6.094047746518271
22.0,20.90659230368906
-1.0,1.5968501490024891
21.0,19.005073569361166
22.0,21.55468364033482
22.0,21.553255814601936
12.0,8.899142991678243
21.0,20.5672109459327
22.0,21.20742723115171
21.0,20.962689315552264
22.0,21.93053415541874
8.0,5.185263047170105
-9.0,16.822895252126123
3.0,0.7934061147390243
2.0,14.016561729121232
8.0,8.856534772691349
13.0,5.319047729287157
21.0,21.01641187175788
22.0,21.34914622154318
21.0,15.114422820974726
19.0,20.547637558250585
22.0,21.690223242040037
21.0,16.18385285210016
21.0,17.610810060531577
11.0,11.337014537772092
21.0,21.439752205745254
22.0,21.35715393012765
21.0,21.333685747630938
14.0,10.355723162556682
17.0,9.405028609096238
7.0,9.476623879519325
22.0,21.328768247794397
22.0,21.37846273275517
22.0,21.199354874437095
21.0,18.052309155207684
3.0,2.870238737590343
22.0,21.73019668581561
21.0,20.912107434927396
22.0,21.91100290541874
22.0,21.91100290541874
22.0,21.55160902839612
21.0,13.053360143383511
9.0,4.92874069148711
21.0,19.911398776116357
21.0,20.021024831730614
15.0,12.373369526947787
11.0,16.404189288488862
22.0,21.699957905857207
19.0,21.0548898074395
21.0,17.785156816577448
12.0,11.768411407206226
21.0,17.951040199639845
18.0,19.68426401379982
21.0,21.12878687914297
18.0,12.282588845162783
21.0,20.10001957380174
4.0,3.3050777012237633
20.0,14.96724358702238
20.0,14.96724358702238
21.0,19.36304693058051
22.0,21.82878961728691
22.0,21.27038859065962
22.0,21.547228731922136
22.0,21.86241805077758
22.0,21.402301741242667
4.0,10.665919428752847
22.0,21.731210153897386
22.0,21.807460267627018
22.0,21.589468322560517
22.0,21.41202348261304
21.0,18.258080151948132
5.0,15.58506986718406
9.0,6.423604557749509
13.0,11.870957337208425
21.0,21.37202040589385
21.0,21.07465083136457
22.0,20.735774250403765
22.0,21.12916460472686
-31.0,4.025021304785084
14.0,11.341933161762258
-25.0,12.157655945944706
-15.0,-8.715722817835331
-4.0,7.148816218465121
10.0,7.148816218465121
-9.0,3.7867967157074505
19.0,16.605110886715917
22.0,21.75325442230054
20.0,21.93053415541874
21.0,19.469637412479994
21.0,21.209349026504682
-10.0,8.202173827430205
22.0,21.684831893771527
6.0,4.948220219491542
20.0,20.960377662382857
21.0,20.85756734517724
20.0,15.970615430158801
-8.0,6.195005780672199
-17.0,-10.33450989067856
-9.0,6.834955005727207
4.0,2.6390988267639814
22.0,20.72230542667391
22.0,21.19875856498032
22.0,21.65504048988877
11.0,3.3618405327805254
-3.0,-2.348765697167826
2.0,0.8248069745304332
21.0,19.66749179744267
21.0,20.400237011829446
21.0,19.99747801116563
16.0,14.027298843484662
16.0,8.176404828107277
21.0,19.729622894342025
21.0,16.763973741527344
21.0,17.128948460776098
22.0,21.61540342551481
21.0,21.08092414786828
21.0,21.188037372584002
16.0,18.35285653809348
22.0,20.113393937903933
12.0,8.259665698038852
16.0,13.470526454110523
-3.0,7.683798255305018
19.0,20.411357197613327
16.0,20.26891230261269
-5.0,4.844876377323698
-2.0,15.425081208508443
22.0,21.68498686280969
22.0,21.89581752678781
22.0,21.84916422953426
22.0,21.58674293455745
22.0,21.243979805853716
15.0,9.857266240630437
22.0,21.19768468413701
21.0,13.139998461808382
-2.0,-5.894819314990492
21.0,18.612508397785543
21.0,16.14836341984325
21.0,19.987567903063585
7.0,21.732300169852387
21.0,21.426798205979864
22.0,20.278385766162828
22.0,21.33991596989045
22.0,21.757056121405597
18.0,20.59444296417205
12.0,11.5150049683941
14.0,18.335779053583483
4.0,21.778764908706705
21.0,20.496062729095133
16.0,11.524945743553687
21.0,18.42854733373075
19.0,15.9065783065184
15.0,6.589231631265373
3.0,11.161385859719028
3.0,-3.5958256617477624
-1.0,10.210786990225461
22.0,21.85360598723072
22.0,21.760120283907835
21.0,21.69170249026069
15.0,15.899740149910782
5.0,1.1186324024440746
21.0,15.70051587137173
15.0,12.989102943482761
21.0,19.48496102694543
21.0,18.57306663342767
22.0,21.328768247794397
22.0,21.719950527041433
21.0,20.893091430127654
22.0,21.732053996017775
22.0,21.745817526787807
22.0,21.85496254843283
22.0,21.85496254843283
21.0,20.191324256450784
21.0,19.519100783883193
21.0,17.908381742393086
-1.0,18.120942301740335
21.0,17.174546614691323
10.0,6.267848365497612
21.0,20.92563735347376
10.0,20.328026573722408
11.0,13.486508277980091
10.0,6.4227595618475055
22.0,20.67367471242363
22.0,21.956190625837735
-11.0,-5.299617482752479
21.0,20.204617008123254
22.0,21.86736482341227
22.0,19.19739079475457
21.0,18.157935434516794
8.0,14.419014413474004
22.0,20.80280442704945
19.0,20.19823600739677
21.0,21.051727138900734
22.0,19.748890778289688
21.0,19.533489089981074
21.0,20.649746558603447
21.0,21.046987228085534
19.0,20.979230514850844
21.0,16.560945897785544
16.0,12.87286014650923
21.0,18.57306663342767
18.0,20.93289023065205
22.0,21.82844825126089
22.0,21.33991596989045
22.0,21.01358598261304
22.0,21.01358598261304
21.0,19.74487259890327
7.0,5.774564054989934
22.0,21.65504048988877
-8.0,5.775961446763552
7.0,16.96321131162647
11.0,8.518548755727206
21.0,16.55471970069328
