"tx_power","prediction(tx_power)"
5.0,1.6736016897169788
-5.0,-1.0259430088869022
-10.0,-1.0259430088869022
7.0,-1.0259430088869022
-4.0,-1.0259430088869022
-5.0,-1.0259430088869022
-1.0,-1.0259430088869022
-6.0,-1.0259430088869022
3.0,-1.0259430088869022
5.0,-1.0259430088869022
8.0,-1.0259430088869022
-8.0,-1.0259430088869022
8.0,-0.9654853868317786
-3.0,-1.0259430088869022
7.0,-0.9654853868317786
-5.0,-0.9654853868317786
-10.0,-1.0259430088869022
-20.0,-8.803847734660453
-20.0,-8.803847734660453
-14.0,-8.803847734660453
-5.0,-8.803847734660453
-9.0,-8.803847734660453
-38.0,-8.803847734660453
7.0,10.562626902123633
1.0,9.395603985543259
5.0,9.395603985543259
5.0,9.395603985543259
9.0,10.562626902123633
7.0,9.395603985543259
18.0,9.395603985543259
9.0,9.395603985543259
5.0,9.395603985543259
7.0,9.395603985543259
6.0,9.395603985543259
-8.0,-0.5605509882663215
19.0,6.231471839501526
19.0,20.279017006132804
6.0,-0.011520589754044908
1.0,7.702546750135817
-3.0,5.786626515876206
-16.0,-3.2075728177933014
13.0,12.235540314288922
21.0,4.578502118237883
22.0,20.20483309987254
15.0,8.004057693025091
20.0,13.754481512120575
-16.0,-5.6307484074245036
-9.0,12.479369695328833
-9.0,12.479369695328833
22.0,19.58903370654259
-18.0,1.1914428233660885
21.0,6.385506694452159
6.0,4.460420727405724
2.0,-5.709744168744716
-4.0,0.10394944522722793
22.0,21.09702288572751
20.0,20.222236550973765
21.0,13.772077626183423
22.0,19.22737229738201
-3.0,3.8701268775721003
10.0,-1.0259430088869022
8.0,9.720823623930874
12.0,16.100190547056048
21.0,20.277975339466135
22.0,20.41753344959537
12.0,1.1485982912986186
20.0,5.036246786193898
20.0,19.056171788137558
-8.0,1.8985199836100808
2.0,12.200385025041074
6.0,7.732512776512497
7.0,6.100889768786932
-2.0,-0.5938763282954371
15.0,2.976141076572265
22.0,21.06525629831809
17.0,15.216007692577353
22.0,20.75244434083264
17.0,16.467567851650372
10.0,5.315484707182446
-7.0,-2.1951764993298544
13.0,0.6582676741729252
22.0,21.71198212547996
8.0,3.363790540629204
13.0,7.411703173800829
9.0,0.34787087798635685
21.0,9.002878077792126
21.0,20.206896149552808
17.0,10.86212514223881
21.0,17.300964612824988
22.0,20.61274387598809
-1.0,7.272873730510754
5.0,3.161359594488419
-3.0,3.8584746662328024
21.0,18.69690098469557
19.0,18.41103579582213
14.0,8.619543014289512
11.0,19.091134874719508
21.0,19.248260060528008
9.0,14.379854594918012
8.0,11.661070571370669
15.0,9.551339510106228
21.0,21.266532972296552
21.0,16.299537304340568
6.0,8.2007022539472
17.0,15.381893425981369
10.0,6.711251992856094
16.0,18.986356306407675
22.0,21.65312099857173
21.0,21.16539337003909
22.0,21.792428981423374
22.0,21.79017147330649
21.0,19.51034760874721
15.0,19.831477203622352
-6.0,-0.8241829965883072
21.0,14.956928642257719
3.0,9.253766208516598
19.0,13.714747724333273
22.0,21.67774680430975
22.0,21.78027500721961
22.0,21.54177108761557
22.0,21.39801683276086
22.0,20.76796206880563
1.0,6.0452705508361095
17.0,9.229872112787477
15.0,20.724115879956585
16.0,20.399762444517293
21.0,20.020296998788254
21.0,17.626033760445658
21.0,19.381327957804448
19.0,20.213312222318468
7.0,-0.48630887087464736
-5.0,-5.822490823259199
21.0,20.150880527489587
22.0,21.2955515136858
-2.0,4.7846366036705135
22.0,19.979711731266875
21.0,15.854356971213807
-9.0,-3.1749729946630874
21.0,17.08394116019021
5.0,9.426546591838568
18.0,17.96045675602085
5.0,9.918283235460686
21.0,20.951558797294023
21.0,11.88267475970297
-6.0,-3.529564014879341
-20.0,-3.9473180370373475
-7.0,-3.985507307096494
15.0,14.7844991272371
-11.0,14.142197651149042
16.0,17.90677383871977
5.0,0.30817094931167077
18.0,17.20384972417309
18.0,17.20384972417309
-13.0,-11.914417934746208
16.0,16.16662105102746
22.0,17.978999468594218
13.0,17.014209844633662
22.0,21.214248124891597
1.0,18.45795584812222
16.0,17.242182038598408
15.0,13.629265277217758
-14.0,-2.2954063533199087
-10.0,-8.518636711505037
10.0,11.31114775427242
8.0,8.877328173800832
8.0,6.3954920287855845
9.0,18.702157905627693
22.0,21.733788205487336
22.0,21.627471967186956
22.0,21.788640391834996
22.0,21.674477867499547
13.0,14.409624846868896
-14.0,18.6307592893642
22.0,21.779754806639822
22.0,21.603099932526803
10.0,8.548120273926655
22.0,20.719984465251926
22.0,21.084805127648952
21.0,14.101582206338618
19.0,18.30888993802391
17.0,12.062503719881047
17.0,17.589016073707118
22.0,20.80221592171356
19.0,21.083680480036946
22.0,21.336296464726754
19.0,21.010275778943484
22.0,19.710381423010368
21.0,18.499799843725274
13.0,16.85689732021099
22.0,21.643432961215986
21.0,16.223339243609963
22.0,20.97697259113567
18.0,14.987644720470229
1.0,10.935960543179739
19.0,12.522701440218768
17.0,17.90098353605701
16.0,14.942891101952888
21.0,18.986356306407675
22.0,20.798728597019135
-5.0,1.4023151309853843
-2.0,4.699133901213591
9.0,5.833690211109741
9.0,6.496980010300103
4.0,-0.4843732940862593
7.0,5.993470119525783
7.0,5.993470119525783
4.0,4.836282322010871
18.0,11.279262832644926
11.0,15.65974631662667
-3.0,-0.9117995953890448
-2.0,14.078543019243797
21.0,10.933297260299623
8.0,7.83099746505468
19.0,20.61871800305261
9.0,7.359150755946688
22.0,18.736777166056676
-10.0,-10.011087666669074
22.0,20.98056776963542
22.0,20.366611846632345
22.0,21.17721527068893
13.0,15.796926729643554
-3.0,11.143336443243784
22.0,19.513928628808213
20.0,20.819889402448442
7.0,-2.086870512812523
-6.0,-9.215108001540937
21.0,21.39467256536782
21.0,20.50794335477657
21.0,20.50794335477657
22.0,19.1277376646898
22.0,20.885473335183285
-1.0,-2.0748478548008835
-2.0,7.688151874671053
14.0,14.553614510311155
10.0,8.910618493095999
-2.0,11.724762409845782
18.0,19.7870882789935
21.0,17.799170911136656
-38.0,-19.88612093863255
22.0,21.279377831558374
-2.0,7.175216722297263
21.0,17.54533425290945
21.0,21.429477927290748
22.0,21.471490450586685
22.0,21.502740450586685
4.0,6.902722701327123
21.0,12.005212593787029
17.0,11.902985079696023
21.0,19.909452870056143
8.0,4.292631796815722
13.0,6.563073788829004
-15.0,-11.481481629077
13.0,5.182686909454692
22.0,21.565687722124594
21.0,20.60092291198715
22.0,21.474469880723245
21.0,17.472570267211903
3.0,11.902985079696023
22.0,21.500150485292117
21.0,18.805430116595343
-6.0,-7.112851372417257
21.0,20.570993901993706
21.0,19.60266390008409
14.0,19.125079308855113
22.0,20.609940054582754
22.0,20.865334899044047
22.0,21.77335581430333
22.0,20.85603428331673
22.0,20.98457414885553
22.0,20.536384781350428
21.0,20.691634669719274
21.0,17.280751351060612
22.0,21.53858258327314
22.0,21.371352696099237
22.0,20.76796206880563
22.0,21.788640391834996
22.0,21.773244389973158
21.0,19.67742572110485
21.0,20.671894023483436
13.0,17.249260457590402
8.0,2.5575822379499327
3.0,10.11484462301488
2.0,1.4171747179597198
21.0,18.9090212755535
21.0,18.714395576050357
14.0,10.6282671273907
21.0,20.200494651812214
21.0,16.974266562768292
15.0,8.890335472649848
-2.0,-0.43250189724522314
-18.0,-9.377024677705501
22.0,21.679781116782546
22.0,21.679781116782546
22.0,21.601656116782546
22.0,21.695406116782546
21.0,19.977916744245455
22.0,14.096197488867299
22.0,21.681513484493877
22.0,21.005179897040158
11.0,3.610204360279426
1.0,9.551339510106228
13.0,10.142515916294121
16.0,10.142515916294121
14.0,10.142515916294121
15.0,10.142515916294121
16.0,21.507003218854912
15.0,19.268452066077856
-3.0,11.691285990484714
-8.0,-2.4189966759524886
8.0,11.412741489927319
21.0,20.223554504595956
-12.0,-3.529606415829917
10.0,6.320134713176136
8.0,16.983133530579302
11.0,6.463265011830723
-2.0,-1.533649018291261
21.0,20.836931941188567
21.0,21.07410262042792
21.0,12.93601588988036
12.0,11.197674233345378
-4.0,7.073931333784569
21.0,20.974035846923645
21.0,15.796926729643554
22.0,21.770491261692587
15.0,20.504533086314602
18.0,19.92725580363587
22.0,20.824853153028567
12.0,9.551339510106228
17.0,19.51034760874721
21.0,14.956928642257719
14.0,10.142515916294121
14.0,9.551339510106228
15.0,8.619543014289512
12.0,8.619543014289512
12.0,8.619543014289512
-5.0,9.551339510106228
13.0,13.826959861134885
22.0,20.929172208985825
21.0,19.656611027701533
22.0,21.771741261692586
21.0,18.935422232070035
21.0,8.012999947030046
22.0,21.50275285138034
21.0,19.612400754372914
16.0,20.454971213481116
14.0,19.76652937727703
13.0,19.662472783761558
21.0,20.794398338459054
17.0,8.02057541830434
17.0,8.02057541830434
15.0,12.149319306270526
7.0,5.301839280769236
18.0,17.941641375276518
13.0,18.702157905627693
3.0,17.903505135466528
21.0,20.950700557441518
22.0,18.245227099130105
21.0,18.519131743651137
-5.0,0.5025530948865964
10.0,17.414324652068057
21.0,18.849018593725273
17.0,16.581308200794727
22.0,21.499190718854912
21.0,19.03924869758132
7.0,5.624045584833988
5.0,1.397423842045852
-12.0,-1.2304537605060992
2.0,13.747293019243797
-1.0,10.297214619325214
22.0,21.14508486650194
21.0,18.360024464052263
21.0,17.58958026829449
22.0,21.258825315125733
21.0,14.918061284076515
22.0,18.91606193379833
22.0,21.76595667727628
22.0,21.454513427801007
19.0,21.236025289665708
22.0,19.949837212152747
20.0,21.60542422076244
12.0,19.754979913236223
16.0,12.731813463909345
8.0,15.117909358516997
21.0,20.556410905968416
14.0,9.580596809820802
21.0,19.146196183259214
15.0,14.54234482115788
5.0,4.594675913350945
21.0,19.20878018108904
21.0,19.20878018108904
13.0,17.617127424558703
-1.0,-1.325926408656253
21.0,16.82954014442626
22.0,19.674837802951515
12.0,6.995722328464612
17.0,11.958999633376846
13.0,15.023307734590926
5.0,0.7060697365062457
21.0,20.01674848330605
14.0,16.566316463319218
21.0,20.023906553334214
9.0,16.01801515345897
-2.0,3.2327608971861252
21.0,7.217492769304232
22.0,21.789890391834998
22.0,21.791515832072726
22.0,21.77845272330649
21.0,19.279739904202643
19.0,21.17514473583466
22.0,21.719964460972214
22.0,21.54536260179775
22.0,21.58312225395537
22.0,21.783921473306492
4.0,2.722098623686034
-8.0,2.829866308847675
19.0,15.369832440756047
19.0,20.94314526713167
22.0,20.98419841675053
18.0,14.553614510311155
13.0,16.05893118391382
21.0,21.025549386655364
21.0,20.90045549602707
21.0,21.343950654989236
21.0,20.92111781110409
21.0,19.954181838291753
17.0,20.95620619003135
22.0,21.61741698762262
22.0,21.59342119175182
14.0,18.087027030125487
22.0,18.98248830972264
21.0,20.776506769641053
21.0,20.733044451385158
21.0,20.59100557512528
21.0,20.59100557512528
16.0,13.226603450802177
20.0,11.961690873437057
22.0,21.770756092201058
22.0,20.676023354373967
22.0,20.55208116035753
-13.0,-1.2304537605060992
3.0,-6.319859663919004
12.0,2.5477874861835623
-12.0,-6.520412612670322
8.0,6.327267669996482
-18.0,-8.273340420995956
22.0,21.483437135003765
22.0,21.228013843213514
-11.0,3.349437515074069
21.0,18.10494059454726
22.0,21.688000032801746
9.0,14.77514484380212
19.0,17.767888441261018
22.0,21.802984792766047
21.0,21.124953486313842
21.0,20.366527355306864
9.0,7.724977780623121
21.0,16.373469885873003
-6.0,17.180156910452286
21.0,19.413654715368402
15.0,8.512655194169527
22.0,21.141780119841204
4.0,11.03019456882539
21.0,15.309488660029519
22.0,20.115196883623266
21.0,20.445055076321236
21.0,20.758994354790303
1.0,3.844362556910665
16.0,13.537019195628686
22.0,21.189408824873652
12.0,12.59647977666376
22.0,21.706556221337475
22.0,21.673837818943305
21.0,19.646784960393752
21.0,19.67417214259879
22.0,20.56609495203887
11.0,2.9326394461140572
21.0,21.046900217987407
22.0,21.530452077786308
21.0,21.778602889957767
10.0,8.191866719475748
-4.0,4.623218326841609
21.0,17.01560773626412
13.0,8.97949615338558
-2.0,9.007003698287503
19.0,20.53048843636397
18.0,12.690506151698841
21.0,16.296129237664033
-13.0,4.07324330167428
21.0,21.776428300707526
22.0,21.786844967374194
22.0,21.038459945202128
18.0,16.293339059092602
21.0,10.406975152551283
22.0,20.042106418730693
22.0,21.570021252205215
22.0,21.796049919792296
21.0,20.453980189224698
16.0,14.170484627502468
21.0,19.51191303669194
18.0,20.217650884983
22.0,20.600919305802886
17.0,12.736880907492015
14.0,17.80899309531563
15.0,19.23210214974445
21.0,16.587776224412266
21.0,15.666398589369903
21.0,18.223258910628694
11.0,9.224712031620836
16.0,13.324337058485407
11.0,20.798537594577063
22.0,21.763696898605616
21.0,20.825632480077566
-3.0,5.3116460420446385
10.0,5.3116460420446385
13.0,15.879146698496077
9.0,6.12320464102711
22.0,21.130930979322383
21.0,20.13017626432113
20.0,13.47792851756734
21.0,17.884276833143208
22.0,21.01407247158233
7.0,11.085108250822408
11.0,4.091173576522547
-2.0,-9.326821904794487
4.0,-5.7274481448738515
-2.0,7.956860922152403
10.0,18.095883141433774
21.0,19.808963082156502
21.0,19.808963082156502
18.0,21.14283053389813
-9.0,0.7045339318718946
18.0,11.11096279916014
21.0,20.974494373274982
22.0,19.380794617447364
12.0,8.667338596931923
16.0,12.345256289997558
18.0,18.48896938290318
-16.0,1.4809973885538046
19.0,17.178290180441014
-10.0,6.723580090119411
-17.0,-5.6534323801708455
21.0,20.702622378810414
21.0,16.005746856329854
21.0,16.005746856329854
21.0,20.9505592531485
21.0,20.188876305971384
22.0,21.407765986313844
22.0,21.740958277614528
19.0,16.2048936747227
-4.0,5.601201550544436
22.0,21.81308138778894
22.0,21.67949079472414
12.0,19.06227162076707
22.0,21.563793675951413
22.0,21.354991490300453
22.0,21.810013593706483
22.0,20.2069380049306
22.0,21.586996963525774
22.0,21.329842486152508
22.0,19.767318779876685
10.0,12.618227757031137
16.0,21.64420596308107
21.0,21.201282218103366
22.0,19.784929164178525
22.0,19.847429164178525
21.0,19.885806451187346
22.0,21.417841699584383
22.0,19.54789366435525
21.0,19.54789366435525
18.0,13.589156872545695
17.0,13.216109997545695
15.0,11.014755873951612
-6.0,7.127069258480624
9.0,10.189878747278167
12.0,7.579862875137981
-10.0,6.047974445631366
5.0,7.476260497284851
21.0,13.304280272358358
7.0,3.2885771422317465
-3.0,-4.9070607189154725
21.0,19.54789366435525
22.0,21.430958752205214
22.0,21.782955219489608
22.0,20.951217061814564
22.0,20.951217061814564
21.0,15.04000599980987
14.0,11.462004313761236
3.0,6.1770357859331595
21.0,16.723495628033106
22.0,21.564937835375442
21.0,8.512655194169527
20.0,21.19076862827936
16.0,14.913751862082966
-1.0,8.963613359944173
7.0,2.4101869979658654
14.0,15.279862923896363
22.0,21.79023903712045
22.0,21.79023903712045
22.0,21.811072370453783
18.0,19.394052615600017
21.0,18.917490115600017
12.0,10.39201606914083
21.0,14.842379204153112
21.0,15.471868074307778
21.0,19.65471885653126
22.0,20.891234623843527
22.0,20.664194067758597
21.0,20.66855418478087
21.0,20.63811727195168
4.0,3.9378012548302763
21.0,19.803246078429876
21.0,20.611825126904726
7.0,16.337776224412266
4.0,5.044975938026181
22.0,21.74666404379703
22.0,20.93193955996187
21.0,19.11543743280704
21.0,20.271484022311743
