"tx_power","prediction(tx_power)"
2.0,4.901547087465746
-8.0,-1.1324833552225004
-8.0,-1.1324833552225004
7.0,-1.1324833552225004
8.0,-1.1324833552225004
-15.0,-1.1324833552225004
7.0,-1.1324833552225004
-5.0,-1.1324833552225004
-5.0,-1.1324833552225004
-4.0,-1.1324833552225004
-9.0,-1.1324833552225004
-11.0,-1.1324833552225004
-9.0,-1.1324833552225004
-2.0,-1.1324833552225004
-13.0,-0.3337907257599266
-7.0,-0.3337907257599266
-5.0,-0.3337907257599266
6.0,-0.3337907257599266
7.0,-0.3337907257599266
13.0,16.5507968580794
-12.0,-11.140299665880224
21.0,8.727041486991629
7.0,8.727041486991629
22.0,20.91710397936617
15.0,19.94964302858943
4.0,5.5112019696358905
9.0,14.059275650750802
-1.0,-9.64766081632476
-1.0,-3.448110872129009
22.0,21.066301676983997
2.0,12.019026273794749
4.0,-1.213647718547888
-3.0,6.74063852838416
22.0,21.328970928963308
-8.0,-9.699223316324762
22.0,20.4724540806332
-6.0,4.958019944354569
9.0,7.412371835558312
16.0,21.17639820942108
21.0,19.972673782912317
-4.0,-0.03599307497427813
-18.0,-5.568275090038114
22.0,20.775866726274874
21.0,20.22527160873645
22.0,19.361641984879732
16.0,9.107405947805038
22.0,19.083117251204463
8.0,10.059381975706232
19.0,18.56403728466771
22.0,21.22428898475365
22.0,21.16247026235325
21.0,20.922886929019917
-1.0,-9.349984249302727
5.0,6.819593279371913
7.0,6.315949789857337
-12.0,-1.50487485107702
22.0,21.39403330293547
22.0,20.326124172519286
22.0,13.351453948073576
21.0,17.817105191613635
22.0,21.11163380404748
-4.0,2.4800966172822223
21.0,19.247584505093037
3.0,14.127856511598804
11.0,6.2155094060785725
-7.0,-2.622449375846604
7.0,12.35666228140691
21.0,20.55281436163503
22.0,21.9207357765251
22.0,20.793166354048452
20.0,21.82341240236546
21.0,19.89418635621272
-3.0,-0.34718257744441433
5.0,2.885773027528641
-6.0,14.389838005172406
-6.0,14.389838005172406
6.0,20.565961666808633
21.0,16.603506949305046
21.0,18.491931086074015
10.0,12.082967822521658
21.0,16.380224848980728
21.0,19.669232960858395
15.0,9.008245670659713
15.0,9.008245670659713
7.0,1.3903367306650343
6.0,-0.4853955280048089
21.0,20.186687870469665
18.0,15.058098533514297
2.0,1.5176790901768726
-1.0,2.9031743649713437
22.0,21.92730425271036
22.0,21.796307654586563
11.0,10.494362829070914
18.0,18.19930374788248
9.0,5.015578229906436
22.0,21.89532057224323
11.0,-1.7617627155048088
22.0,21.239347834209976
22.0,21.867304088707996
22.0,21.39002641627675
21.0,18.924004616766833
1.0,7.500029873164818
22.0,11.033066528771428
16.0,2.1468955132927188
16.0,2.1468955132927188
22.0,20.14137774473716
21.0,17.86037548750066
14.0,17.846873817850817
22.0,21.422084262183247
21.0,19.437616367863896
21.0,21.098645408545735
2.0,12.807742800181158
18.0,12.733362011518588
21.0,1.1225502584897424
22.0,21.804352221816476
21.0,20.74086679692294
22.0,21.43874810839198
22.0,21.14524546656965
19.0,21.382644939984104
22.0,20.00816901353815
22.0,21.557949960533445
15.0,4.463891664807122
21.0,21.027065614151496
9.0,5.444771462102333
21.0,20.438498171197864
20.0,10.02163982012269
20.0,10.02163982012269
6.0,-4.446251958223984
2.0,-9.592709065654413
-9.0,-5.36375809033477
21.0,20.926575400076523
-1.0,-2.905983991125719
12.0,19.358061039528494
21.0,20.74713171299113
-3.0,6.712932787100223
4.0,15.36194515990903
15.0,10.539035530564693
1.0,-0.23869630982489148
21.0,18.98450760070793
22.0,21.086621666268115
22.0,20.16943321236091
22.0,21.585363608718936
22.0,21.82773830740508
22.0,21.731384140738417
22.0,21.44127886092329
13.0,16.380224848980728
13.0,7.929779064522588
22.0,21.830636149227963
22.0,21.655225547930833
22.0,21.655672591727022
21.0,21.310884991879067
21.0,21.18475898511127
4.0,5.0890403115622185
2.0,2.485207163460468
1.0,12.825502222106794
5.0,7.599534517996721
-5.0,1.2705159360865381
21.0,20.626230543686454
20.0,12.858663619862524
9.0,6.346626376726076
21.0,19.557823155130983
21.0,13.487460169197048
21.0,17.540932978150707
18.0,14.650830901906883
22.0,21.637349384671893
22.0,21.71857840773914
21.0,20.789592537759948
22.0,20.480274763746106
17.0,6.6570498658429385
20.0,14.75311364150642
22.0,16.380224848980728
22.0,16.380224848980728
21.0,12.297846060651107
22.0,21.57500406354502
11.0,0.15365218256341934
-5.0,2.2957746660012583
-9.0,-7.963517404846778
21.0,20.245716055341266
22.0,21.773801842610382
20.0,20.65534560911115
-1.0,1.4195631104736146
7.0,11.529677121606012
21.0,20.059775503000946
21.0,18.280906998011325
21.0,12.982375234690693
21.0,21.333577415946802
-1.0,17.604620484279636
5.0,11.529677121606012
13.0,18.92953760739618
21.0,21.290477103789804
21.0,20.106692279826625
22.0,21.28673181594516
9.0,17.819759931172463
19.0,14.951685642422168
9.0,7.530481427532007
19.0,15.631092300167861
18.0,21.501659934226623
21.0,21.39754870640216
9.0,5.632644554969317
20.0,9.582248613507032
22.0,21.270304568886004
4.0,4.0284108511385455
18.0,12.912922800223317
21.0,18.871012250698147
8.0,5.077514435394305
16.0,10.27909063503543
-14.0,-6.865899947141546
21.0,10.4654431732329
22.0,18.944673345370155
11.0,3.969184676670332
17.0,16.64784176499182
21.0,21.16275014253479
21.0,20.87450822127683
-2.0,-1.2591147664214215
21.0,16.71844840416733
5.0,5.794603321527844
21.0,20.531820151118733
21.0,21.358210173259156
17.0,15.07729456353711
21.0,19.256054771086244
22.0,19.528132462579283
-7.0,-5.459472115877433
8.0,0.8625529157279934
-17.0,2.953493686383462
2.0,-5.924563672454344
-5.0,-2.8947033138114278
-12.0,-2.508135660818084
-19.0,-6.452448392198215
18.0,15.126164809088834
10.0,14.239189387598536
21.0,16.046266534807238
12.0,9.851830148296504
1.0,12.734468012111869
4.0,9.184709164912615
14.0,8.065795196800059
20.0,12.843727247750161
22.0,19.536491663630514
-3.0,20.239842127470972
21.0,20.735477577573555
21.0,20.735477577573555
13.0,2.8134963239787996
13.0,2.8134963239787996
-12.0,18.959142845811787
21.0,20.3468847207236
17.0,17.369511543737957
21.0,19.63844759573827
18.0,10.694305724324627
21.0,21.149517179202718
-2.0,2.4315369227972563
21.0,20.626230543686454
13.0,5.428742289485749
14.0,10.580143170488398
3.0,9.608975645357466
-15.0,-8.120072942411795
2.0,11.096927783362883
21.0,18.918331861612682
21.0,20.601955176606
22.0,21.357155746636263
22.0,21.91472231438012
21.0,15.599982653425798
13.0,10.961817680760142
18.0,12.543268939282683
21.0,19.783952203882816
10.0,5.657199799026267
22.0,21.749772884406283
22.0,21.729665505288565
19.0,20.74086679692294
21.0,19.583516198106572
-3.0,-6.086722874214472
21.0,19.782161042808173
21.0,19.41431984395349
21.0,21.737322799584785
12.0,21.867950998311805
21.0,21.07629792673499
22.0,21.206922073678452
21.0,17.808817414067885
22.0,21.310313157583842
22.0,21.924335350794856
22.0,21.259633055003835
21.0,20.398593107876586
18.0,20.460152260455715
21.0,19.570290639900005
21.0,19.6644014114335
22.0,20.88181264571449
13.0,20.05598617920241
21.0,20.05598617920241
5.0,4.887808132778474
22.0,21.103079693098554
22.0,21.312459329000284
22.0,21.63129676381203
5.0,0.2790472778148717
8.0,1.2888622882342387
6.0,6.164339070863291
18.0,16.025471432823327
-12.0,-0.6300052970841554
9.0,16.99917002445825
-5.0,-0.0777346426332207
21.0,20.79715556893299
19.0,20.721288670862478
21.0,19.850438788498817
22.0,21.907682310537467
22.0,21.967950167680325
22.0,21.907682310537467
13.0,13.011178144474199
16.0,20.54098168024367
21.0,19.73921664955151
18.0,21.836301842610386
11.0,3.537146955787642
12.0,12.905179023312833
15.0,10.27909063503543
16.0,10.27909063503543
-14.0,-8.35481279902508
20.0,12.041748439739644
1.0,10.144817637199402
-1.0,5.515800446365666
9.0,-0.2097820603509266
-3.0,5.053686148213184
21.0,20.87684312821715
21.0,19.968396491683563
-16.0,-7.586918596757449
22.0,18.787220889451834
16.0,15.66438907021333
9.0,14.712008117832376
22.0,21.889666549584785
21.0,17.931403935776096
21.0,21.03546229642928
21.0,19.624148416843944
21.0,19.791584315845267
12.0,9.008245670659713
11.0,14.772367105765666
21.0,21.244419103778064
21.0,20.58043201424354
21.0,21.244419103778064
5.0,14.035224635330033
9.0,9.008245670659713
-13.0,9.608975645357466
14.0,9.008245670659713
14.0,9.008245670659713
15.0,9.008245670659713
15.0,9.608975645357466
16.0,16.825509900284835
22.0,21.82239315616033
21.0,18.293999755882353
10.0,6.6133941928210955
4.0,-0.8338276735558715
21.0,19.240156142098687
21.0,19.283287975751296
22.0,20.110423962377336
22.0,21.269952871053086
-6.0,-4.061794294362479
21.0,18.62479910026576
21.0,18.906789083886434
22.0,20.660197026397523
21.0,19.609396841998194
22.0,21.708430990379565
21.0,19.988931826160577
3.0,6.1547668047397055
3.0,7.194502726035873
3.0,-1.0117855661540722
-13.0,-6.491623108311924
14.0,11.044853775751104
7.0,3.9250724212843076
22.0,21.172693031532567
-2.0,6.865683325060484
10.0,11.529677121606012
13.0,9.851830148296504
4.0,12.733362011518588
6.0,7.027937262937328
22.0,21.355830183323537
-4.0,10.27909063503543
8.0,-2.8582508208227413
7.0,0.8143436038347082
-1.0,12.733362011518588
11.0,3.969184676670332
22.0,21.882635299584788
21.0,20.973544696134216
22.0,21.330021293105666
2.0,13.338208661297747
22.0,21.916850004398434
22.0,20.060908862437643
21.0,18.65480858943846
21.0,19.942635930728162
5.0,13.011178144474199
22.0,21.422084262183247
21.0,21.027065614151496
21.0,20.379580319301663
21.0,15.132225188176328
21.0,19.48257419317708
22.0,19.511956235826563
8.0,2.204076486750873
13.0,15.685347786564458
21.0,16.484676970593686
20.0,12.905179023312833
22.0,16.30376532396516
13.0,11.447437086300845
16.0,6.688651548651612
22.0,21.92440603343884
22.0,21.48864677736546
22.0,21.925607956515762
22.0,21.865929379726513
-6.0,5.958195458030593
21.0,17.374413073688984
21.0,21.11928607518025
-2.0,10.522038136753967
21.0,20.205656764061498
-5.0,5.722412783561183
14.0,6.361643257947907
20.0,19.942635930728162
18.0,18.540962242121672
13.0,9.321650972711968
21.0,21.39754870640216
6.0,10.837553708258607
21.0,17.906998729975115
5.0,0.06426993913182556
21.0,20.0192504609134
22.0,19.754212312013575
22.0,19.670689859282074
21.0,20.806893698188258
21.0,18.335432958992424
22.0,20.35692739432982
21.0,20.97296229642928
18.0,21.445644710904634
22.0,21.923402869935675
20.0,11.534761270956103
10.0,5.8362160312433495
15.0,10.694305724324627
22.0,21.91472231438012
22.0,21.586295542745372
22.0,21.891589141909716
22.0,21.9207357765251
22.0,21.9129232765251
22.0,21.88405163284929
21.0,20.714142114690112
19.0,20.23379183586958
22.0,21.28905153145975
22.0,21.325053100112576
16.0,11.973184556695388
3.0,-7.873032398023996
-18.0,0.1958020997716995
14.0,-0.03117717208415524
6.0,9.535614775494544
22.0,21.32286709354199
22.0,20.475123598626816
11.0,11.044853775751104
18.0,17.822060014073486
19.0,21.161133909490303
21.0,15.029015549468474
13.0,13.100184144996302
19.0,14.067184922480019
13.0,20.40463989066295
18.0,9.484420491279883
22.0,21.86117706663872
10.0,19.046588309346355
8.0,5.014119599632406
6.0,3.778798802075326
21.0,17.410577888264488
21.0,18.98016679772312
21.0,20.416666376625635
11.0,19.62820827285513
21.0,20.62474883941519
-17.0,-2.0498637823019448
22.0,21.76196566737488
21.0,20.3759472346133
22.0,21.205817659731345
18.0,19.22087198059697
21.0,19.725180360865004
21.0,17.976891903280045
5.0,6.645716442453655
13.0,18.013447954140833
21.0,21.23105496113514
22.0,21.454386857530206
13.0,15.200098929929606
2.0,4.553274617503972
-2.0,14.20664002241781
21.0,20.332313586764048
22.0,21.79846975537013
22.0,21.533984855131287
22.0,21.659191079859475
22.0,21.518743116419433
22.0,21.86162504752074
21.0,21.137239713344254
9.0,18.81258090048887
18.0,17.46977818744513
21.0,20.72231793182912
9.0,5.761787890677852
21.0,20.345496218159056
1.0,7.791734942608939
2.0,3.5983769251095077
-2.0,1.8481865630694125
22.0,20.51052180036699
22.0,21.410100424885545
21.0,19.913540783035415
21.0,19.725180360865004
16.0,12.43909154781065
22.0,20.044755418601685
4.0,3.960059931645456
11.0,18.31570827285513
13.0,11.279444073981296
5.0,6.291849602086576
21.0,10.2727829338474
22.0,20.178357119925277
22.0,21.472948263567908
4.0,11.390597028943782
18.0,13.733932088827679
22.0,21.78346338889095
21.0,16.35935541808521
-16.0,8.434252573712762
21.0,21.485677213344253
21.0,14.842148096404811
11.0,8.3568759906116
10.0,6.276750295344082
22.0,21.631075105390142
19.0,11.208556843146347
14.0,16.53152551397279
14.0,16.53152551397279
21.0,14.369813482698557
22.0,21.60425864275807
22.0,21.529637390550015
18.0,17.68181383880169
22.0,21.416561802426052
22.0,21.718298862880218
-1.0,19.395049413271604
9.0,14.720210533275448
22.0,20.40364835192633
21.0,20.711239120541727
10.0,12.737153123034261
21.0,20.40364835192633
17.0,21.656218508013716
-10.0,9.879967182737534
15.0,14.21561179951309
20.0,21.101703621649243
22.0,21.46367340431675
22.0,21.818244237036474
22.0,20.921321113532358
21.0,20.155789588804932
5.0,19.74265581189622
13.0,17.37280077676917
16.0,14.366735122267755
15.0,8.223729614529091
21.0,18.398705411312864
-2.0,-1.9138471910045114
12.0,12.061079447266222
21.0,18.716460532623227
21.0,19.781631146608913
-10.0,3.1586721716203225
12.0,18.81747355242718
21.0,21.036035950912794
21.0,15.050527223549562
21.0,18.255660744291312
6.0,16.35935541808521
-7.0,-5.093595020580162
21.0,20.112148110175504
18.0,18.69247355242718
21.0,19.107799850388666
21.0,19.693352105245147
9.0,17.318967532579713
21.0,19.823422400167477
22.0,21.35803977948247
22.0,21.751675449843493
22.0,21.627941079859475
21.0,21.03920481912125
22.0,21.652118099946872
6.0,7.1499233279918055
21.0,21.12508047075084
21.0,18.822180039073974
22.0,21.57315808248565
-4.0,-2.804717089103066
-20.0,-6.608441466404869
21.0,19.57472467763696
4.0,11.513339161780344
4.0,11.513339161780344
21.0,19.507041470833812
21.0,20.22447018373398
15.0,7.330971581352526
19.0,19.078349925920143
21.0,18.1736075226673
12.0,8.52646414116665
20.0,19.218940982760362
16.0,12.484762251125414
14.0,11.931997881541585
21.0,19.084493727778256
21.0,21.60641920183219
22.0,21.65683186275042
22.0,21.659441286575415
22.0,20.95735291255788
22.0,21.452161899641794
22.0,21.461003701156976
22.0,21.21061265360077
21.0,14.163269063066835
21.0,13.527496915841997
16.0,14.551455178495843
21.0,19.270129744989287
21.0,19.62147844381537
20.0,17.647216634414825
21.0,15.51801712363338
11.0,19.783032278204235
19.0,17.142125028905927
22.0,21.22891004639278
22.0,21.770174205521915
22.0,21.583159235293362
21.0,21.3102691760747
21.0,16.37959513739702
21.0,20.43724883941519
22.0,21.75368169698209
14.0,16.28755064343109
14.0,16.28755064343109
-2.0,8.939313366239633
9.0,2.275384889616904
21.0,10.756992436271933
22.0,21.59174139482189
11.0,8.17758580788857
22.0,21.403732164200274
21.0,21.837858177032277
10.0,12.817492229276318
6.0,14.067184922480019
6.0,14.067184922480019
21.0,20.541733776502785
