"tx_power","prediction(tx_power)"
7.0,-1.196394528339859
-9.0,-1.196394528339859
9.0,-1.196394528339859
-8.0,-1.196394528339859
-5.0,-1.196394528339859
8.0,-1.196394528339859
7.0,-1.196394528339859
8.0,-1.196394528339859
-8.0,-1.196394528339859
-9.0,-0.4816894434624634
-13.0,-0.4816894434624634
6.0,-0.4816894434624634
7.0,-0.4816894434624634
3.0,-1.196394528339859
-10.0,-1.196394528339859
-11.0,-1.196394528339859
7.0,-4.431070772056631
-13.0,-10.327179535457137
-18.0,-5.820925310752286
-31.0,-5.820925310752286
-3.0,-10.327179535457137
4.0,8.990081485945987
9.0,8.990081485945987
1.0,8.990081485945987
16.0,8.990081485945987
21.0,8.990081485945987
7.0,8.990081485945987
-1.0,10.752455408952796
19.0,8.990081485945987
-5.0,8.990081485945987
19.0,4.833379081232951
22.0,20.702617205914095
6.0,4.3556257066106205
11.0,14.444480370502609
22.0,20.97997110792177
22.0,20.51724930352559
22.0,20.858436594452176
21.0,20.207429114637208
21.0,18.51030096879876
12.0,1.5437544479948389
5.0,5.562671952966256
3.0,9.682643110115379
3.0,20.720561489998452
10.0,13.775746897187119
-4.0,-1.7575456385953754
12.0,13.724310647844563
18.0,15.336449625615685
21.0,15.9059762222499
21.0,15.192393588297067
22.0,20.05049926120492
10.0,5.449688206610621
22.0,20.685445275991796
-1.0,6.831485586307149
22.0,17.84477698917888
14.0,14.982868929524765
22.0,20.886209678048672
22.0,21.083683285759808
22.0,19.791158228596224
21.0,15.556709892323294
22.0,21.024907574167905
3.0,4.436657846455929
22.0,21.151834678048672
22.0,18.33510234708853
14.0,6.747795982339535
10.0,13.276227538335377
-10.0,2.361483897338303
21.0,15.838516493593081
6.0,8.654100861616067
-10.0,0.31015282763467644
22.0,14.985684601000925
6.0,5.0077040325351465
22.0,20.960643680765727
14.0,14.631564859837628
17.0,5.398467621085098
-1.0,6.350480807769725
13.0,5.735046432984041
22.0,21.136209678048672
21.0,20.45883574357081
22.0,20.765592900249352
-7.0,-1.5318196954544145
22.0,18.260640615767514
7.0,19.314281744429497
21.0,20.65675775143875
22.0,17.520303799080782
9.0,0.21122091854124525
-8.0,-1.233220856882421
21.0,18.472100929876635
22.0,20.05891300934943
21.0,20.444770714517595
22.0,21.69503071371258
21.0,18.049134101881787
8.0,15.842456587356352
21.0,16.856049920206612
21.0,18.042602546702902
7.0,15.281618867965435
21.0,20.049918988687107
14.0,8.925742187608726
21.0,19.370935601047414
21.0,17.882522358645655
15.0,13.150824804887671
8.0,5.628681947150822
11.0,13.295962117511122
18.0,14.787427914895158
13.0,13.749539770304864
8.0,12.294820272579228
21.0,17.74494088917377
19.0,20.9518755931685
22.0,21.811241755819168
19.0,20.969621640517442
21.0,20.811328925323945
16.0,10.594122223511027
15.0,12.568566893446409
3.0,8.29400161953835
22.0,21.807691162634512
22.0,20.893122575569812
21.0,19.70605456870192
21.0,19.07268894633304
22.0,20.889295373029963
18.0,15.85445805585024
11.0,6.381259143072201
10.0,0.08435100430862114
1.0,10.890899227995602
-5.0,20.770510548260944
21.0,14.991433035531166
12.0,9.328944123426258
12.0,9.328944123426258
21.0,20.067391690997727
6.0,1.1573703205892791
19.0,17.907627040029297
21.0,20.142832161614244
18.0,20.026498337631242
7.0,5.413194726651683
22.0,21.021861037574812
19.0,21.840656351333426
-12.0,-3.9027493266385616
-4.0,5.732323468986281
17.0,2.0014692562451923
8.0,5.864392180762716
9.0,5.346311901268128
4.0,2.5454475543056394
21.0,14.431367409425116
12.0,2.9922400940585048
12.0,7.661215254085121
18.0,20.786135548260944
21.0,20.109761731235153
21.0,20.092170633668815
15.0,9.699319034087052
22.0,20.321822762612896
22.0,21.72196209885969
21.0,20.730229590728502
22.0,15.477250539838806
-8.0,6.530190831112237
21.0,18.9355685619961
21.0,15.281618867965435
21.0,21.75005297861771
22.0,21.84721490405049
22.0,21.68229947141402
21.0,15.705208485268335
21.0,15.705208485268335
22.0,21.811537820717156
13.0,7.02707005500251
22.0,21.530599041758762
17.0,11.733945555506185
22.0,21.644773541271345
18.0,21.212042081101114
17.0,17.516405164821357
22.0,20.535539599815927
21.0,19.41262998329406
-1.0,-7.118523418627168
17.0,8.571058086912803
-10.0,-5.612717771342578
21.0,20.28780685855578
-4.0,3.794278159874112
21.0,17.75153573467524
9.0,5.753943811272685
11.0,16.63361389750703
-6.0,-3.08191168407046
2.0,4.096926125629034
21.0,18.45147133559267
21.0,19.565292325521842
22.0,19.46918407919263
19.0,20.701552872477684
22.0,21.00348799907089
10.0,9.639109598180317
11.0,5.8559829848219405
21.0,10.616252423994048
22.0,20.535539599815927
22.0,21.485203656295116
14.0,15.039316001907773
21.0,10.890899227995602
21.0,18.135643874080348
15.0,17.37749529462347
21.0,13.93112870592465
21.0,17.125941342246225
12.0,11.474960129777823
1.0,10.0050298975223
21.0,21.246713834977083
19.0,13.557671194601388
10.0,-0.2835354060440205
11.0,15.851789675260436
-3.0,6.46450197762784
21.0,20.699824063506355
18.0,14.205477961866592
15.0,14.836087596274103
14.0,17.235123804681088
21.0,7.783017546375421
5.0,3.4226905244361543
8.0,-7.118523418627168
21.0,11.027709821764725
6.0,6.118191536614066
7.0,10.789723064445456
21.0,10.789723064445456
5.0,17.69624466216542
9.0,14.160033387143962
14.0,2.5907944606233335
13.0,8.171990945056006
11.0,10.942276840071724
-4.0,2.911374699164284
14.0,16.13139813610165
16.0,15.32391990994632
7.0,1.9815543550630739
21.0,17.18124377013595
21.0,9.518269078184124
5.0,5.818759143072202
22.0,21.530599041758762
21.0,20.5229801400221
17.0,21.14335353514077
8.0,6.271446372198979
-8.0,-6.364885062233817
13.0,14.933791358537848
21.0,18.996249232335863
21.0,19.55146932031052
12.0,20.66257721655213
22.0,20.66257721655213
-3.0,-3.759903804496649
-24.0,-4.37620107221277
2.0,2.628161501615876
18.0,11.785495642714608
22.0,21.528209540913064
-11.0,-3.7289274923158784
10.0,14.031995108687159
22.0,16.45211246479081
3.0,5.459757563094007
21.0,20.35099766003661
21.0,18.07932643364934
10.0,10.379349157936469
21.0,14.896531743153233
20.0,11.46007724947513
20.0,19.778573209652986
1.0,7.750461508094644
21.0,21.13998029317245
21.0,20.77417287450465
21.0,21.847449273955604
22.0,21.741363747639816
21.0,19.490920772874667
17.0,10.817052115119777
21.0,21.098538981351016
16.0,13.639307964160857
20.0,20.586827663244772
10.0,4.675128780089294
22.0,21.110014936231927
21.0,21.20213600983517
20.0,14.892354196352217
22.0,21.53715732218817
22.0,19.27431538985189
22.0,20.329401593292683
22.0,21.83158990405049
16.0,21.39224657344103
21.0,20.899960720242245
21.0,13.407772240052484
21.0,18.801981093829355
22.0,21.82865457617363
22.0,21.30129803277702
22.0,20.829944372809646
21.0,18.13881794144167
22.0,21.8750335444276
22.0,21.8750335444276
22.0,21.823323821761424
21.0,20.78763199326535
22.0,21.065369711219546
22.0,21.813107475607577
21.0,21.090528866978023
13.0,3.2006964068789654
21.0,20.264831188256732
5.0,15.875443598992677
-4.0,7.846577630760085
21.0,15.256615377338395
19.0,13.150824804887671
20.0,12.742582907953844
22.0,21.858226179227273
22.0,21.22355177771388
8.0,12.327500743864501
-20.0,-0.27142883027878595
21.0,19.792672681280138
6.0,5.369049930046814
13.0,15.563085578126424
10.0,15.1019117566341
9.0,3.9747532357850446
21.0,18.08613431732149
21.0,17.999568668206102
11.0,18.38342200407151
21.0,17.0879701776973
12.0,7.997557565467373
21.0,20.969632986353105
-6.0,-3.0347424727995436
22.0,21.850738747639816
21.0,20.439786566038602
2.0,11.474960129777823
6.0,13.26792881998735
21.0,20.070918203471162
1.0,9.383352544188662
2.0,10.789723064445456
15.0,10.789723064445456
11.0,9.383352544188662
15.0,10.789723064445456
-10.0,-0.7775861639515279
12.0,14.514071711866592
21.0,19.534681637117764
21.0,20.632695159230884
-6.0,-0.5495170085138594
21.0,20.18283582126063
21.0,13.449250732484565
21.0,21.135373605512797
22.0,16.27875358801158
19.0,20.66257721655213
22.0,21.156790437930166
16.0,19.370370431710715
-24.0,-3.21124107259918
21.0,19.022547945201385
14.0,8.925742187608726
22.0,21.72506769409178
21.0,19.55146932031052
14.0,9.807218446206418
13.0,8.925742187608726
13.0,17.9204105941007
21.0,16.53028492846145
12.0,9.383352544188662
1.0,8.925742187608726
2.0,9.383352544188662
13.0,8.925742187608726
14.0,9.383352544188662
11.0,9.383352544188662
13.0,9.383352544188662
8.0,7.240400396943105
22.0,21.791379792426266
22.0,21.72506769409178
21.0,18.45476292031056
21.0,13.450434757552431
13.0,19.73663969516903
17.0,18.497985913662298
19.0,14.753555365705813
8.0,11.594612005102036
-25.0,-13.438237216444161
21.0,19.419283341564665
21.0,16.641042258256842
21.0,20.26992373196776
14.0,9.783941530872765
14.0,10.817052115119777
21.0,14.933791358537848
-2.0,6.496780951117861
10.0,10.890899227995602
21.0,12.566763603198297
-4.0,10.789723064445456
3.0,1.1147745562943003
3.0,2.575513014100568
22.0,20.502398237479724
22.0,17.559175744642175
8.0,7.172281778493821
-13.0,5.8559829848219405
21.0,16.402883943794144
21.0,20.724193280564215
22.0,21.866951894686892
22.0,21.545681891054766
14.0,5.724071510725823
9.0,12.022509239963348
22.0,21.16429014565373
21.0,20.733200690777863
22.0,15.700391804282257
21.0,16.71884302896568
-1.0,-1.7279684798303587
22.0,19.494189173995604
17.0,10.050087509880221
11.0,5.034455946481679
8.0,2.5735736390364305
17.0,11.863856542418922
5.0,-3.5146448369138317
20.0,21.010014936231926
4.0,18.161401437431227
21.0,19.98235968114214
-2.0,1.2437177446128553
22.0,20.241601785823168
12.0,6.7325042158128845
17.0,11.474960129777823
3.0,4.61916286490361
10.0,16.93856836434126
10.0,8.036060281492523
-11.0,-7.839846930828892
-2.0,10.616252423994048
21.0,21.290273569971824
15.0,16.757757842266876
21.0,17.265914149338528
21.0,17.825318150178067
-6.0,3.521779579242162
17.0,12.178264522269597
15.0,7.977422333575282
-14.0,-3.132587552469822
21.0,15.763316965138877
5.0,2.434954855088709
22.0,21.75166887492453
17.0,20.69243720680653
-1.0,13.852908575231957
19.0,9.386172858436653
19.0,11.474960129777823
22.0,21.81088095106762
21.0,16.38403587179828
9.0,5.827993770901913
21.0,19.929759853934375
22.0,21.056571730331648
22.0,21.056571730331648
22.0,21.866951894686892
22.0,21.851820812862947
22.0,21.744823669977286
21.0,21.225362247618556
22.0,21.305214851409673
21.0,20.079733022592425
22.0,21.526041855657905
22.0,19.67965683637955
11.0,5.178422093428368
21.0,20.184356116284434
21.0,21.275229490167376
1.0,9.311887543378354
11.0,17.05657971160217
22.0,20.492200176268913
19.0,20.760202681222022
21.0,18.805607580636693
7.0,17.76909220527711
19.0,17.87100325431685
21.0,14.796424045536025
4.0,6.222734535601651
-4.0,17.748303576150466
-3.0,3.7923542028835913
-3.0,3.7923542028835913
22.0,9.457141986658256
9.0,19.645255026614688
21.0,13.071730874133218
10.0,10.097095028867775
21.0,21.14510852087457
22.0,21.488050421692513
21.0,18.70586969889801
5.0,14.956862866977477
5.0,14.956862866977477
21.0,21.74148493910847
22.0,21.721795426864844
21.0,21.754954606296735
22.0,21.737420426864844
10.0,19.90604000437828
21.0,20.144679423505348
-2.0,12.67068920746655
13.0,14.597626750025007
21.0,18.629261216217497
22.0,20.675995240493656
2.0,5.404283008212676
-7.0,9.084146871820554
22.0,21.54103008135829
21.0,19.209002216785347
7.0,9.645777778753036
18.0,21.603882342555615
1.0,-0.0018305621241369863
22.0,21.75853025758663
22.0,21.591746294241073
21.0,21.09636255560669
22.0,19.30528626477305
22.0,21.606193311756666
22.0,21.044244209150595
21.0,20.188164182111507
21.0,20.501025659218946
4.0,11.501065352855317
-5.0,9.6925407545024
-4.0,10.87542699312891
5.0,11.970795391149007
22.0,21.027868207421356
21.0,20.71184152683352
21.0,16.42804393019002
21.0,20.5158016223849
12.0,11.285146079199173
21.0,18.28310924912738
-20.0,8.258762657884628
2.0,-0.10462947805744115
18.0,8.48975931418149
7.0,5.256947954539825
22.0,21.19790977362817
20.0,16.278890521400186
22.0,20.42173068271473
17.0,21.786937116775444
22.0,21.172443976539935
21.0,17.701453112688192
11.0,7.608640844028371
8.0,6.9020377791526455
22.0,20.817780255721157
21.0,21.055702696253288
17.0,13.196279113219058
21.0,19.924246465952567
21.0,17.525653549086126
8.0,4.73593077391542
20.0,13.014810152524927
20.0,2.5817032812235556
5.0,17.393272025411658
21.0,19.90604000437828
9.0,18.02871242669705
5.0,10.156469983007431
-10.0,-9.840933779712635
21.0,11.242598108854546
11.0,3.0692166061745905
22.0,16.20161018619374
22.0,21.861474216908
22.0,21.751997658782233
22.0,21.715539325448894
21.0,19.40161833163274
22.0,18.82567377127287
21.0,15.448188350553574
6.0,4.469399646882172
10.0,2.662787254478709
22.0,21.408622831243907
22.0,20.714500357785166
21.0,20.803880378327232
6.0,7.896141160526227
13.0,10.762866908372242
13.0,10.762866908372242
3.0,3.145478801196215
21.0,19.683003790200917
-2.0,-0.47341474838730746
21.0,20.42871250078749
22.0,19.27661833163274
21.0,20.364392340824516
18.0,13.059161927365773
14.0,17.478249956262527
21.0,16.701756255872393
21.0,18.34419890249128
-4.0,-4.697642161891762
12.0,-1.686137017431695
12.0,-1.686137017431695
21.0,20.721125151542132
9.0,18.78066653279473
21.0,16.86498267510775
21.0,16.0632798124447
22.0,21.266422133574668
17.0,13.014810152524927
9.0,7.042429906528371
4.0,14.709721756137668
21.0,18.020300120548274
19.0,14.962755720008317
22.0,21.850797841045182
22.0,21.84956209342683
22.0,21.79545496646814
22.0,21.83376348231572
22.0,21.84956209342683
19.0,9.480581598376833
21.0,20.733657366029583
22.0,20.89106909294253
22.0,21.853615427892308
22.0,21.23453748742289
22.0,21.47242470072783
21.0,19.551806660183406
2.0,19.450772077731592
21.0,19.310635575964426
21.0,16.97082163541722
22.0,21.148062460933545
21.0,14.367903346276366
19.0,19.561198141990136
12.0,5.921535287419734
12.0,5.921535287419734
21.0,20.889661588597523
21.0,19.67637833082456
21.0,21.76016293963007
21.0,20.803880378327232
21.0,20.021838335908498
14.0,11.119224142814549
21.0,20.37008964471001
19.0,13.785663361667869
14.0,11.808503528695583
21.0,17.386804180646042
-1.0,11.389865264680065
22.0,21.573357413488853
22.0,21.64033798832002
9.0,4.275458079916975
21.0,19.40774410423351
21.0,20.994418793047153
21.0,20.994418793047153
22.0,21.751997658782233
21.0,20.227440849298663
22.0,21.3011968658337
21.0,20.870848877449966
21.0,19.03962914662748
21.0,19.03962914662748
10.0,5.739079128283322
21.0,19.459031240359057
7.0,17.38509776435723
22.0,21.86775027093019
8.0,15.924511116976813
13.0,10.149841905000144
21.0,20.667199669655204
-25.0,13.532790519525355
21.0,19.63474737682279
19.0,20.360030355353405
21.0,19.86710076929381
21.0,19.418334746568103
21.0,20.709639188825754
21.0,20.66560825539014
21.0,20.625567247384897
21.0,20.71184152683352
6.0,-1.0758167650663655
5.0,9.6925407545024
21.0,20.50119312100469
11.0,6.694414118136822
22.0,21.865192072064293
22.0,21.632208890847362
15.0,4.092627623911806
15.0,12.280780578482862
