"tx_power","prediction(tx_power)"
14.0,14.433135285427145
5.0,-1.3949253033268194
10.0,-1.3949253033268194
-4.0,-1.3949253033268194
8.0,-1.3949253033268194
-3.0,-1.3949253033268194
-5.0,-0.6532593827110689
-8.0,-0.6532593827110689
-2.0,-0.6532593827110689
-10.0,-1.3949253033268194
3.0,-0.6532593827110689
-4.0,-0.6532593827110689
-3.0,-1.3949253033268194
-2.0,-8.59438235582771
-12.0,-10.030576090927203
4.0,7.9554042576745765
17.0,8.333966712976434
7.0,8.333966712976434
7.0,8.333966712976434
5.0,8.333966712976434
19.0,8.333966712976434
19.0,8.333966712976434
7.0,8.333966712976434
15.0,7.6879776872981145
21.0,11.706307518379814
21.0,17.675273468841823
-13.0,-10.723523011084835
6.0,-0.43828186120459944
8.0,3.037584288351535
8.0,10.335786060623699
21.0,5.170153059025721
6.0,4.456963643109658
3.0,9.212942140422514
19.0,16.967839597613036
8.0,18.782451678240744
15.0,16.212330264786964
22.0,19.872307763501652
15.0,-1.258895504543081
7.0,8.572673033826641
7.0,8.572673033826641
21.0,19.854126801738282
3.0,15.09138920037445
3.0,15.09138920037445
-4.0,5.654269354655961
-10.0,-6.353587401484888
3.0,13.955362375068075
-30.0,2.951749433344913
21.0,20.217182389859893
6.0,2.0250873693618425
22.0,20.497231199560172
6.0,7.328739137164694
-12.0,-3.166292823509838
9.0,0.18621799463569136
14.0,15.989505686123675
22.0,20.975333812286678
19.0,18.38610878661236
14.0,19.310620815536986
22.0,20.188847468769083
22.0,20.188847468769083
22.0,20.21121333584906
-1.0,-2.5135158218868483
2.0,4.236151715713353
10.0,16.37684075292288
22.0,19.474880890155767
-9.0,6.987346548793843
17.0,16.6782562642797
-9.0,-9.82159597774446
22.0,20.9962162010967
22.0,20.917500100402805
13.0,14.162762880054656
21.0,19.158321121869484
12.0,4.456963643109658
2.0,5.535564803244464
22.0,18.190838017177317
22.0,18.190838017177317
-8.0,5.351448235599717
-8.0,5.351448235599717
-2.0,5.672081467655675
5.0,2.307375585302733
22.0,9.002189646691424
21.0,16.52509575858584
11.0,13.921467259401807
21.0,20.719375059130982
22.0,21.806348908148973
22.0,19.396516044781556
22.0,21.864446942447113
22.0,20.899727910820353
22.0,21.646691220197244
21.0,20.158391783909067
17.0,20.67075527515843
21.0,19.370936215438547
-12.0,1.5542650907939872
2.0,3.974725755649324
17.0,10.762448581213878
14.0,6.3414170034473925
21.0,14.72981075778045
10.0,11.965828243968373
19.0,18.230736450182654
19.0,18.230736450182654
21.0,17.40524136278588
16.0,16.064688337629484
21.0,19.250260183024402
21.0,20.63057886271625
21.0,18.670766710176753
21.0,19.385627732300396
22.0,20.878500933123025
21.0,17.05863152177331
2.0,1.2522740536262689
6.0,18.729941057266206
-14.0,-2.83191681830068
13.0,13.084346762561426
17.0,14.33217213883106
20.0,21.919332322797242
22.0,21.95200193970205
21.0,18.903972893361093
21.0,20.717219357623147
22.0,21.034697939295437
21.0,18.135188071328024
10.0,1.7677988876870776
22.0,21.96295233076802
14.0,5.730287851791456
16.0,21.31047386884144
18.0,17.98899566937709
12.0,-5.268904324040924
21.0,17.95396779961042
21.0,14.28174343991864
8.0,2.4808293553337952
16.0,10.605331855776896
22.0,21.942780764597984
17.0,8.546960602324866
22.0,21.838413902922948
19.0,20.787435117988274
21.0,19.290317870099397
22.0,20.534463975707894
22.0,21.955700752201583
22.0,21.46465853812285
22.0,17.25804693354404
22.0,17.25804693354404
-12.0,-4.303220313257852
9.0,12.119623346307081
10.0,4.997893837689006
-18.0,0.7227875495169
1.0,-3.267852973194419
3.0,11.17093458632059
8.0,5.919488814496122
5.0,-9.798868931941128
5.0,-9.798868931941128
14.0,20.065439024548894
21.0,18.97987090699435
5.0,10.45071249859341
-11.0,-4.615389326996683
-24.0,-0.22590828685667586
21.0,19.272511079366737
21.0,20.85039743636238
21.0,20.85039743636238
21.0,18.866143073586784
22.0,19.902092097271126
22.0,21.538158590036456
17.0,18.681783326315372
21.0,19.85019841653515
21.0,18.91776471254787
6.0,20.7554666964489
-10.0,-6.179114602297815
4.0,15.910162402281436
21.0,20.401780177450895
21.0,16.004010658993465
22.0,21.81728180804984
21.0,19.327673153962447
13.0,7.692188286147696
17.0,15.439447415802059
21.0,17.887111095452116
7.0,4.174718953282911
10.0,16.075792762147813
8.0,14.1474919828673
21.0,19.23729054237421
19.0,16.01511259121751
5.0,8.249309585111849
22.0,12.419708057969006
-30.0,14.432663943569098
6.0,7.319258278605146
18.0,12.66542356435676
18.0,12.66542356435676
18.0,14.427631147335067
21.0,20.88392680877106
22.0,18.975800426833587
14.0,17.40524136278588
21.0,20.049867860288412
22.0,21.465667152143897
14.0,18.47237594054634
-3.0,-3.1912936410132065
20.0,9.809396881243313
21.0,20.04903884796914
-3.0,-1.5197013907740857
22.0,20.74081241050811
21.0,20.53964178390907
14.0,20.105093630992425
12.0,11.50377212912761
22.0,21.489880925234278
19.0,10.815576374201925
22.0,21.107543346322117
21.0,20.831306047312268
22.0,18.566504857603583
21.0,18.88274035612855
-18.0,-4.990096926145434
-1.0,-3.2403836460628876
-7.0,-0.2471715837483137
1.0,11.978108135812903
5.0,13.513436780059708
7.0,15.708922868694023
13.0,2.4009196648433635
21.0,18.23307755723282
15.0,4.754277606423429
19.0,19.886916664844197
21.0,20.855591332288565
-6.0,7.1170858612743855
15.0,4.668786572248194
14.0,18.052780695747273
5.0,3.810065194898794
-7.0,-3.2403836460628876
12.0,7.798117463659725
9.0,9.4775791346894
9.0,9.4775791346894
-1.0,20.776856154602473
1.0,8.727311689694398
1.0,2.220893235836913
12.0,9.966991985643514
-6.0,0.15708618534191043
6.0,-2.513599894996275
21.0,20.139248500255963
-4.0,3.986717682688095
16.0,10.52067596416505
8.0,0.2832809753635558
1.0,0.821718692225045
-3.0,0.6358368516820304
22.0,21.750466330724098
22.0,21.442643828787592
21.0,21.729182506605337
-17.0,1.7677988876870776
-3.0,-0.3882976516166532
-11.0,-0.3882976516166532
4.0,-0.5922568894526471
2.0,2.641174043027359
21.0,18.714815045288248
8.0,12.974338063380264
8.0,7.032492463659726
21.0,21.214530788507542
15.0,9.821163813223306
21.0,17.034263278290243
21.0,20.77706923135438
19.0,13.396503971791224
-2.0,3.9894178888200655
21.0,16.228065627429974
8.0,5.12636973016862
16.0,21.07404568382325
21.0,11.410819670624555
12.0,7.710804932419019
19.0,20.32050025342543
14.0,11.50377212912761
9.0,9.406459941799175
21.0,20.70526244002289
21.0,20.643052757998735
21.0,17.999049219852527
22.0,21.682453776472393
17.0,20.645681287026648
22.0,21.98125206042017
11.0,15.303535697461369
9.0,17.28188773742768
22.0,21.908062518978618
16.0,7.587910707594167
6.0,11.822993767706983
18.0,12.317818646054613
22.0,18.903972893361093
21.0,20.168080786196448
17.0,20.899350433740416
13.0,19.34124342267063
21.0,16.748525424325678
-5.0,-3.267373844985219
-6.0,-6.181733002552769
22.0,21.99060184146831
22.0,21.90952107538025
22.0,21.963985307100593
22.0,21.946686199957735
18.0,19.969315031398505
22.0,21.409425415735473
22.0,21.555990383360946
21.0,20.784259939820217
21.0,15.984823076055378
22.0,21.32700193970205
5.0,16.004010658993465
10.0,8.184778315664477
22.0,21.0196059679911
22.0,20.767487058014012
3.0,1.5682462758484912
21.0,10.52067596416505
21.0,10.52067596416505
14.0,10.323322899445385
21.0,20.82404709395463
22.0,21.608607222737728
21.0,16.73917771943389
6.0,0.5493238002710523
22.0,21.194211487684896
22.0,21.194211487684896
21.0,20.997800321560387
19.0,20.72793376360613
-3.0,0.030667431582362348
21.0,18.195336523708626
-1.0,-1.8144623351409517
22.0,21.928868024619838
22.0,21.928868024619838
21.0,19.138299940844114
22.0,21.856272447476194
16.0,20.72666188414123
16.0,10.13383297818686
15.0,9.44118980992033
-10.0,-0.3247039977083172
-8.0,-0.3247039977083172
-14.0,-6.700875792273612
15.0,8.225594526407475
21.0,19.138299940844114
-15.0,-3.1958787787899725
8.0,11.294714163263691
-12.0,-1.3255931957355127
18.0,20.430137939160158
21.0,19.001956870654116
7.0,4.3133346279976275
7.0,8.141574133418906
-1.0,13.693344715348864
21.0,20.592674826216207
21.0,19.973455280951782
15.0,15.860409269298495
14.0,19.723590200805003
21.0,21.019047932276813
5.0,10.218615923463616
22.0,21.976580554711656
21.0,20.15626647108648
9.0,9.44118980992033
21.0,20.91829706840352
-13.0,9.406459941799175
14.0,9.44118980992033
14.0,9.44118980992033
3.0,9.44118980992033
14.0,9.44118980992033
15.0,9.406459941799175
19.0,17.562036589385624
22.0,21.976580554711656
21.0,21.484451313708856
21.0,16.221633064983184
18.0,14.58761792724747
-17.0,10.425902395089308
5.0,4.169899046022339
5.0,4.169899046022339
21.0,16.67541069746137
22.0,21.156679305493093
21.0,17.445672214982967
3.0,6.057944002997625
10.0,3.261648673026737
18.0,18.173554404094347
21.0,20.987137346985186
17.0,21.21247033756334
21.0,15.455487067853076
21.0,14.307891490618942
21.0,20.925265750762822
22.0,21.87019727997936
22.0,21.750045796684272
21.0,13.386217731592915
21.0,19.86252942835984
22.0,20.40151803445059
-7.0,-2.79711430981167
20.0,20.518782396099574
22.0,21.131028964458135
22.0,21.9243493713225
22.0,21.9243493713225
21.0,17.31322123059567
22.0,20.985466917486587
22.0,21.59945650484363
21.0,18.31532946008855
22.0,20.73107855904123
13.0,8.153088267851015
21.0,19.860787352355494
22.0,21.98102884613446
22.0,21.601404747613834
22.0,21.918339755937883
-9.0,-0.2910248351409519
-16.0,-3.267852973194419
21.0,19.3015200905274
2.0,-1.9696707582537865
22.0,8.794767510553676
22.0,20.422189934631366
-1.0,5.997647529200671
21.0,19.520011607448335
21.0,15.75170703268796
13.0,10.067288830301182
-2.0,9.804620509370691
15.0,14.402470538905494
-21.0,-15.835377376969204
21.0,17.40524136278588
21.0,20.28034023615568
22.0,21.641394231779515
21.0,20.579632313981815
18.0,11.50377212912761
10.0,16.676667504296148
-5.0,0.2977111853419103
22.0,21.96172200305579
21.0,16.272081232225055
18.0,19.766375582205992
21.0,17.08850030111779
22.0,21.65853827510078
22.0,21.4247338176301
16.0,13.5857376143248
4.0,-1.580669149265085
21.0,19.613908702870773
21.0,20.60447620003846
16.0,12.486810846307081
-3.0,14.627531940814823
21.0,21.468153692694532
21.0,21.68877869269453
21.0,21.206139884390222
21.0,21.16779568382325
3.0,5.3669797782750095
-2.0,4.147613942168462
21.0,20.576156943701644
8.0,-2.0474292478534766
21.0,19.79667981922823
21.0,19.28652356922823
21.0,20.535906712471352
-14.0,-4.265288778333046
21.0,19.905515970608672
21.0,19.532714518708552
11.0,20.72666188414123
22.0,21.855256436121916
22.0,21.871094838230633
21.0,14.1474919828673
10.0,13.461696294972638
10.0,13.461696294972638
8.0,11.264675355228176
10.0,6.24089583606795
13.0,11.50377212912761
21.0,20.899727910820353
10.0,3.0483415396717697
21.0,20.510414416510706
14.0,20.53964178390907
22.0,21.361587102626913
8.0,6.8697593418547624
-9.0,-0.37750963008406224
22.0,12.535352447390418
-1.0,1.271891632553511
22.0,19.362334208067157
1.0,9.405210814779602
21.0,18.433660960875613
21.0,20.59018170639284
22.0,21.066355037871244
20.0,21.744117531789083
21.0,21.13133774301821
21.0,18.65468629474261
4.0,11.336371221150737
21.0,16.710163418881617
21.0,18.79363711849015
11.0,15.480717277977432
7.0,2.3646019495798285
19.0,21.09438253189286
15.0,10.389460324312715
21.0,20.42813502830982
3.0,14.125748302071374
21.0,16.229066002118817
18.0,21.37611375666836
21.0,19.817494568875848
9.0,19.008541792310318
-3.0,6.805455322815125
22.0,21.77865800172289
12.0,5.628485553087541
21.0,15.541003969224667
-12.0,1.2174646436483936
22.0,21.806208108512724
22.0,21.45149758497223
22.0,21.890264761908206
22.0,21.75363726122723
21.0,20.142103443193832
6.0,11.877205450115314
21.0,20.59821546906439
-1.0,12.624882987851853
21.0,18.165222374423188
22.0,21.753289627375782
22.0,20.851737306458208
7.0,11.147492005098586
-3.0,12.458958730289073
12.0,10.387583973686551
21.0,19.366943394109946
21.0,19.366943394109946
21.0,21.89473196541685
22.0,21.626967224160865
22.0,21.7941284128923
22.0,20.005217024154927
18.0,16.04907589546728
22.0,21.592411937292958
22.0,21.245656811162707
22.0,21.959533299257945
22.0,20.393943837404017
19.0,8.57101061937202
22.0,20.489295466928574
22.0,21.802309392414937
21.0,20.713077569570434
21.0,20.431780861643155
21.0,21.14732379675289
22.0,21.08488570880851
4.0,13.834394342862522
15.0,13.496229992380126
21.0,14.892732847579403
6.0,3.5902150589617348
-4.0,10.685438433670013
13.0,11.147492005098586
21.0,18.239515496834095
-25.0,8.232237792361284
16.0,20.442677114691417
21.0,20.442677114691417
21.0,18.119104991300034
-2.0,-3.755968401034152
22.0,19.693142348450632
21.0,18.097464069817455
21.0,18.097464069817455
22.0,21.91693923688575
22.0,20.954673004364142
22.0,21.2310584891136
22.0,21.673759224129178
22.0,21.592042786581036
21.0,17.51905178505927
11.0,19.798637266697142
22.0,19.911070254016373
21.0,20.635264906279403
20.0,20.240069193874593
-8.0,8.70245032362108
16.0,20.92847508092469
4.0,3.8456378474220676
20.0,13.525868409993524
22.0,19.066748134773547
22.0,21.15323067538573
19.0,20.366931672712454
11.0,10.53822975567087
15.0,8.93918300918045
11.0,-0.3742204268785934
12.0,12.485952912217686
20.0,18.389938909052248
22.0,19.95564467456748
21.0,16.95906832844435
21.0,19.741206216270555
22.0,21.94669999423077
22.0,21.959533299257945
19.0,16.108598750222022
19.0,14.235969999295763
22.0,21.83932782803139
22.0,21.389402126612282
22.0,21.12472015212151
17.0,21.907164314795057
22.0,21.468887167056327
22.0,19.70322923430924
9.0,-0.4051670710593019
5.0,15.519935387589076
7.0,11.782516527446576
20.0,15.510069798882412
1.0,2.329110172293013
1.0,19.71823325746494
20.0,9.46844023457249
21.0,19.227821514486475
19.0,13.604375431704716
11.0,20.170797737123486
16.0,14.130772824723394
21.0,16.802453695241606
7.0,-4.519338960763835
14.0,14.377107847579403
21.0,20.9579104069386
21.0,21.41606466424551
8.0,12.924858063802855
22.0,20.91250392242287
22.0,21.58943862037255
22.0,20.893598998523508
22.0,21.734627728557644
18.0,20.443404808139654
21.0,21.46457885912913
22.0,21.156701206484367
21.0,20.612037497368544
22.0,21.20600930130165
15.0,20.9581731517984
21.0,19.9756889070317
16.0,11.015463138067515
6.0,9.580769451956497
21.0,20.85321639180723
19.0,16.731820525972743
21.0,19.211466876807712
21.0,20.427490929945694
21.0,20.37186452747599
21.0,18.6083450208631
21.0,18.51627400728149
22.0,21.93429496134001
22.0,21.93429496134001
22.0,21.93429496134001
22.0,21.905425913720965
22.0,21.723395213260094
-11.0,-5.974699314595228
22.0,21.71679005052314
13.0,8.89939781535047
4.0,10.389460324312715
-16.0,20.896315830152446
22.0,12.273968934803747
21.0,20.937572309919698
22.0,21.468649229049102
22.0,20.84933860216332
8.0,3.2849644458346265
18.0,13.689344569748155
9.0,4.817894019094741
-11.0,10.7649017066713
6.0,-1.4121061507380048
21.0,15.085431456061755
8.0,11.154076067859114
22.0,21.433739201085704
22.0,21.520231330912175
22.0,19.1431235483063
14.0,17.84298848576264
15.0,3.930655859685628
