"tx_power","prediction(tx_power)"
6.0,0.8708420379992615
-11.0,-1.7863125000518332
8.0,-1.7863125000518332
7.0,-1.7863125000518332
-8.0,-1.7863125000518332
-9.0,-1.7863125000518332
8.0,-1.7863125000518332
-4.0,-1.7863125000518332
7.0,-1.7863125000518332
4.0,-1.7863125000518332
-3.0,-1.7863125000518332
-9.0,-1.7863125000518332
8.0,-1.7016144879247035
-7.0,-1.7016144879247035
-8.0,-1.7863125000518332
6.0,-1.7016144879247035
6.0,-1.7016144879247035
-3.0,-1.7863125000518332
3.0,-1.7016144879247035
-14.0,-12.493310858829428
-14.0,-12.493310858829428
-1.0,-11.468633471698805
1.0,-11.468633471698805
-3.0,-12.493310858829428
7.0,9.197842472875545
19.0,10.193006309665877
7.0,6.824695672830154
22.0,18.714340928932074
21.0,11.426099059671161
16.0,6.471588921671003
20.0,21.365334811832362
21.0,16.59895699898035
19.0,16.745228195809595
1.0,7.595032400605127
22.0,19.76384423928104
-6.0,4.9114884361918625
8.0,13.607881649425282
22.0,18.921712082155388
21.0,17.099631590715838
17.0,20.60305987572975
19.0,21.236273186338092
22.0,21.279241936338092
22.0,21.063534183409566
20.0,13.391802134070602
7.0,1.4127103829993057
-24.0,-12.237258650640625
22.0,20.590959540272802
-1.0,-7.034789809187575
9.0,5.893560504536504
21.0,17.484184254384534
22.0,20.10955788059315
-4.0,-3.277559443294938
7.0,16.205300623219117
22.0,21.347966785919382
22.0,21.446728673392645
22.0,20.81092274710464
10.0,-1.7863125000518332
22.0,20.96148905469557
22.0,19.83431180043614
22.0,20.254390780386615
1.0,5.513574563705302
6.0,0.44513717858063817
10.0,11.08414748186846
17.0,7.010673242666106
14.0,6.334120739917509
22.0,20.557034974664642
18.0,11.801958384070602
8.0,13.020735979507064
18.0,19.34686626375765
12.0,5.513574563705302
22.0,21.347966785919382
21.0,19.772616416088663
22.0,21.321677528046575
22.0,20.62524349680679
21.0,11.980516019045822
-1.0,7.584741928001238
-9.0,6.774485517744828
5.0,-2.0216089552623577
6.0,0.49364235445431937
5.0,6.7470981704730635
-2.0,9.37420747812311
12.0,17.15437977546133
22.0,7.717048373951135
-14.0,11.163992402145166
9.0,14.788264962572459
21.0,21.136828967066485
21.0,20.785256353467325
21.0,15.047810810786377
8.0,2.9341565153877984
3.0,15.103374242114185
3.0,-4.361625725586518
-8.0,-1.4714495216477512
21.0,17.88247660379297
21.0,20.38813736141731
7.0,16.244418305046825
14.0,7.99346338359993
22.0,20.85728666301835
22.0,20.85728666301835
16.0,16.65756930735585
8.0,0.8364632878721409
-25.0,1.6642386219471283
22.0,20.927606715297863
22.0,20.927606715297863
21.0,19.164003343264223
19.0,19.12731579459711
14.0,10.991701500682321
20.0,11.084674819977238
14.0,11.275294100706226
-1.0,4.210571089757063
22.0,21.309385458555045
22.0,21.771955772972973
18.0,21.940749851793516
22.0,21.80296740744323
21.0,21.103410711219023
22.0,21.940082071431295
22.0,21.954129176842248
21.0,20.30270201680307
22.0,21.376459135060735
7.0,10.18537119186464
21.0,19.937826127867158
14.0,14.144352095520805
22.0,20.951436696518723
22.0,21.136495653751375
11.0,13.184379904682583
18.0,17.940503238339055
10.0,19.16692530728909
18.0,16.034169817612664
21.0,21.10821532344004
12.0,13.840155235617422
22.0,21.24883253023125
22.0,14.777903143907734
22.0,21.45161248166691
21.0,19.822964878130513
14.0,7.886958493295444
14.0,7.886958493295444
13.0,14.648029775201993
21.0,20.68285031819795
22.0,21.975251774375185
22.0,21.739345468064993
3.0,10.380211414620947
10.0,6.054268664630829
-9.0,-2.084751125547557
14.0,11.756026460917923
17.0,20.365761119452486
-2.0,0.22650799623145046
5.0,0.7439497521112882
21.0,16.571490435496994
9.0,13.471340917106394
21.0,19.846692061673608
5.0,10.18537119186464
22.0,16.495680435898258
9.0,4.316531722330394
21.0,19.28326940428428
-1.0,-1.9508453563533459
10.0,19.544416369741217
22.0,19.34466813366062
21.0,20.4813153857097
21.0,20.4813153857097
21.0,20.34823606891464
12.0,19.803381424054407
21.0,18.339626942754357
1.0,2.3747460211823364
11.0,11.172568816617158
15.0,9.763507587457239
12.0,5.19776389232177
-3.0,4.3594395041003065
8.0,7.4822008999921295
22.0,21.953319607299303
22.0,21.621866357745777
19.0,21.038658592676295
22.0,21.03345025934296
21.0,19.809946610493064
21.0,18.525166542650943
5.0,10.704432091328176
22.0,21.953319607299303
8.0,14.233727262718409
6.0,5.901885709913967
22.0,21.237430173513378
21.0,20.130538021407986
21.0,12.525454722797347
22.0,19.331271101652646
21.0,20.252319678865344
22.0,11.751780947643347
2.0,1.1461944990674289
21.0,18.525166542650943
22.0,21.62087637718961
21.0,21.62087637718961
21.0,21.62087637718961
21.0,20.734809240773384
19.0,20.380037079772528
21.0,20.359958306994155
-9.0,-5.980268990548915
6.0,9.954650578827852
21.0,20.486868319739266
22.0,21.78660768674445
13.0,18.312482942617862
-17.0,9.383618516874929
18.0,14.19224355526501
2.0,14.268699274729098
21.0,19.41207417144371
1.0,9.093460675445026
19.0,14.426349769027924
17.0,18.7004543557522
22.0,20.476837414690618
-2.0,5.26945729581734
8.0,-0.5655897095571837
9.0,6.089569927751183
4.0,13.054502496392312
4.0,13.054502496392312
18.0,14.417999844767296
-7.0,-3.249044172902812
-14.0,-7.311304941540234
-4.0,6.867668394872195
21.0,9.769722736029873
6.0,6.992332243413529
14.0,18.22610182620071
13.0,4.208431912779395
4.0,14.723165908780851
15.0,21.658837183523723
21.0,15.641409789111941
7.0,2.0804178500052126
10.0,7.259082994518968
-21.0,-1.7737173704997937
15.0,10.732122527752823
22.0,21.628291817004452
22.0,20.167410355882172
22.0,20.622084848857433
21.0,20.73092359210455
2.0,14.218015397564697
22.0,21.439719830396246
21.0,12.292263156065049
-1.0,6.112779815040586
-15.0,13.959091466276153
19.0,14.177925624627177
20.0,16.531406696499467
13.0,16.24031427821838
15.0,10.206070498874377
22.0,20.711775939585507
22.0,21.312866898714443
21.0,20.997283246519466
21.0,8.760235963504742
-7.0,2.7337793780615223
1.0,-3.5683321287093612
9.0,3.8346483256475796
11.0,10.25656878898909
22.0,20.976780681246158
22.0,20.976780681246158
18.0,21.132792509996282
18.0,19.71950352989443
22.0,21.439593853272015
7.0,9.37377634162297
19.0,12.843306208606966
17.0,14.873673371934412
8.0,2.8181894303254356
21.0,12.80314577967642
-15.0,-9.169504250334386
21.0,19.499395632245665
15.0,9.292534642423458
22.0,20.836553311596308
12.0,10.174369623750845
17.0,8.44542222082442
10.0,2.871371363523815
21.0,18.785381067692324
14.0,14.668972246370794
22.0,20.765274086524975
18.0,18.905686756224746
22.0,21.58706588646422
22.0,19.422674368518486
22.0,21.684314984577398
22.0,21.901516412472056
21.0,18.030427661112096
21.0,18.56695749461799
7.0,3.7711665487039565
-4.0,1.9630722662133815
21.0,19.509727939947055
22.0,21.872560484183893
22.0,21.898797489725172
21.0,21.072438739613165
21.0,20.526892188074655
22.0,21.975251774375185
21.0,21.450338157625886
22.0,19.732079858494092
22.0,19.732079858494092
22.0,20.28238849170492
22.0,20.28238849170492
21.0,21.870573952154597
13.0,2.0750657357176223
21.0,19.070949152882594
5.0,4.096799148498284
5.0,15.635492351405762
19.0,13.257011956248535
14.0,19.16692530728909
22.0,21.641519129175173
22.0,20.63632094404908
22.0,21.770386067024063
3.0,9.722168325196595
19.0,15.28185275714881
21.0,20.159650863897948
21.0,19.539334322779805
21.0,20.734990811596308
19.0,10.14077457237142
22.0,21.72556835048797
21.0,17.85790621953652
21.0,19.17930054170147
12.0,7.189901645693421
5.0,-3.9529442696838912
21.0,20.456172519336523
3.0,-4.160014671703389
21.0,18.93343665189072
22.0,21.924561299156398
5.0,5.637380478285203
14.0,6.600776818201338
21.0,20.76654569823158
2.0,12.192883082370656
9.0,10.14077457237142
22.0,14.375561309353218
6.0,13.425695259810464
21.0,19.387914840864305
7.0,12.294235570949608
2.0,9.769722736029873
11.0,9.142793699540057
15.0,9.769722736029873
14.0,9.769722736029873
14.0,9.769722736029873
-7.0,-1.841804506422535
21.0,18.46102038408308
18.0,12.68456870845539
-15.0,-2.215597817839828
-6.0,-2.915350440883509
-3.0,3.437545997058826
3.0,12.8028522582039
-6.0,0.902869537872141
16.0,16.344313111691953
17.0,14.956921034857492
7.0,8.831150060115922
8.0,3.0569595692613394
3.0,-9.521976765286821
21.0,20.330170384395846
4.0,14.488056988492636
21.0,21.24985782218619
21.0,21.012908246519466
6.0,9.155478627550824
17.0,9.962834425908516
22.0,21.856753621342715
-19.0,-14.925066865185862
14.0,11.4691548480702
9.0,9.142793699540057
-3.0,-4.414102781578446
16.0,19.451983317196266
9.0,14.283840917106392
20.0,20.905491294648133
21.0,15.635492351405762
13.0,10.837157586681947
14.0,9.142793699540057
14.0,9.142793699540057
9.0,9.142793699540057
16.0,9.155478627550824
14.0,9.142793699540057
22.0,19.02520278204433
22.0,19.02520278204433
22.0,21.948805208082373
22.0,21.870573952154597
22.0,21.196123028567847
19.0,13.77945562491825
21.0,16.62007746101655
12.0,4.000377835104121
13.0,1.2434835172376109
15.0,11.10632600274707
10.0,2.30342525091907
10.0,2.30342525091907
13.0,17.91295106970029
19.0,15.720380131809717
21.0,17.91295106970029
22.0,21.628291817004452
21.0,20.66269860191444
22.0,21.689489218862278
11.0,17.134974631838652
21.0,19.50435446429128
5.0,9.865972592583685
22.0,20.818772649648295
21.0,15.043420579041493
16.0,9.174818563500805
21.0,19.16692530728909
22.0,21.04669424935061
22.0,21.24326771961011
22.0,21.681369287856086
22.0,21.938793441041856
20.0,20.631569906167478
20.0,20.631569906167478
10.0,3.804852551102329
-7.0,0.05320769682057493
21.0,16.57308194680151
11.0,0.9872688592288954
9.0,11.907934667915457
18.0,9.015879531689892
21.0,17.92040621953652
21.0,18.305931916751785
21.0,21.17578207251709
-2.0,10.433123539346767
21.0,18.519430923898465
-21.0,-15.039087098959952
16.0,20.908303407839202
21.0,20.23312710608859
21.0,19.16692530728909
21.0,19.16692530728909
10.0,16.65238872023298
18.0,14.282238885874353
-3.0,4.696746795690694
22.0,21.734780920621574
21.0,21.297241898714443
22.0,20.17187057195164
22.0,21.726523092833315
4.0,3.1099400911737196
15.0,12.99586845210447
4.0,-6.692875725586517
19.0,16.05216251213022
21.0,21.045767819035937
21.0,18.26391457716296
21.0,20.00542006330351
22.0,21.753459593055535
21.0,21.128920748023948
19.0,12.458435130223013
21.0,20.99646717964359
-4.0,5.758286946415511
14.0,4.888061704432906
21.0,20.311158349317907
-6.0,7.962767132773277
1.0,-8.429827745262662
12.0,14.867070957417186
16.0,17.12772281503209
20.0,15.24791933921831
20.0,15.24791933921831
15.0,6.5602157222900495
22.0,21.890387584641292
22.0,21.689055902133312
21.0,20.42205904794176
19.0,21.653466189639637
3.0,9.257822544551582
-14.0,-10.277107159298936
18.0,11.001410632609643
21.0,19.441618065800675
22.0,21.801723500180888
2.0,1.0707376315085282
11.0,5.282568476343496
11.0,2.424921290507118
21.0,21.280458961823648
1.0,7.416902857712876
5.0,18.43016487885238
19.0,12.824253343043452
22.0,21.350134210873563
18.0,8.920052806283065
21.0,19.919162455571147
22.0,21.445421401070405
21.0,18.92554341554388
-3.0,9.345181691701118
14.0,12.824253343043452
8.0,18.142067995706935
21.0,15.083070417781853
21.0,21.211713158794097
21.0,17.947652944635472
1.0,-5.759459630613447
21.0,21.483001612990975
-17.0,-3.4714844598378636
21.0,21.035943650563567
22.0,21.432529121536557
15.0,0.9328668731281196
6.0,14.061451770448112
-25.0,-6.096890329355742
3.0,4.962158411859864
20.0,21.567250830872563
14.0,10.431752083463664
22.0,21.70082491651471
22.0,21.803913935424042
21.0,18.238704498697864
3.0,5.604355195175904
1.0,-1.1373325470866096
21.0,19.28056104378479
21.0,19.353340955377668
22.0,21.438047463060318
22.0,21.87503095411253
22.0,21.873177297422444
19.0,21.11775063151189
21.0,20.94914036232301
21.0,20.706386695499575
-19.0,3.331235607168876
-2.0,-1.3456288050759588
7.0,7.612966984296042
21.0,20.7646685996634
21.0,20.86226657968377
21.0,16.205493018971016
21.0,16.8309069868281
21.0,19.872836845276503
5.0,6.642767218932735
11.0,12.411033752053946
22.0,21.589991598073
22.0,21.394289769492197
21.0,-5.182694618208842
22.0,21.906158803464294
22.0,21.897304636797628
22.0,21.903913317159287
21.0,14.10085015206057
22.0,21.849351020052243
22.0,21.749904966959953
22.0,21.37915825700287
22.0,21.791374950088887
8.0,5.446676663217579
9.0,6.0996474546054005
8.0,6.0996474546054005
21.0,19.27864455718958
22.0,21.79314282501008
21.0,21.119328192640026
21.0,20.937985504992067
2.0,15.371896225162681
15.0,12.933374502085112
-2.0,-0.7565528354566686
6.0,10.31364325505677
21.0,17.949160086918102
21.0,18.650783526589997
21.0,18.876875604006813
21.0,20.87950897804618
-10.0,5.120767049049983
22.0,21.41485722455102
21.0,20.52861404973496
21.0,20.849107905414996
18.0,21.370943745665535
16.0,17.880110380899925
10.0,17.42868949884488
-17.0,-8.684705445884937
18.0,14.24255724578706
18.0,14.24255724578706
20.0,20.80700996351349
11.0,5.959438719676163
20.0,13.811756062091384
9.0,13.543335306240543
22.0,21.39675988290332
7.0,10.971794382751863
7.0,4.210785890677714
21.0,19.201874348890804
-14.0,7.975822101844632
22.0,20.60404410604076
21.0,20.68356708312021
21.0,2.0651540422546324
-8.0,-2.911664616551949
21.0,19.167414047170407
21.0,13.226569555664462
8.0,-2.2926951728002987
17.0,15.969427523392946
5.0,15.969427523392946
9.0,18.662105424621714
22.0,21.68837531233353
22.0,21.784690111040298
22.0,21.877010583793968
21.0,20.70412868228586
22.0,20.52861404973496
21.0,19.322795078760493
13.0,9.770678806709538
22.0,20.663085720258685
19.0,12.589350667479245
21.0,20.730952884199397
21.0,18.91107620797264
21.0,18.210465530694304
22.0,19.882212016383804
22.0,21.191234953711
3.0,15.270137834320712
-7.0,4.723798016555301
21.0,19.030473699115596
16.0,12.33276068377635
11.0,7.4668366271630795
21.0,20.48529843328609
22.0,21.391100190429437
21.0,15.432510896774335
-5.0,3.0405132805923385
13.0,19.843679437235323
21.0,12.824253343043452
17.0,12.411033752053946
22.0,21.843038357995095
22.0,21.840028485327593
14.0,10.849775361072565
15.0,12.179946319750808
22.0,21.905254857563328
21.0,19.98946578181639
20.0,21.47290825700287
22.0,21.480501621532078
22.0,21.834448709169344
22.0,21.669846650904162
21.0,20.90528983421257
21.0,19.278486258056653
21.0,19.58921551024248
11.0,19.691822455925692
16.0,8.752932472644511
12.0,5.7572856343645125
4.0,10.590755419763
-3.0,-3.1847094011132344
21.0,20.881119273512713
15.0,11.67301825505677
13.0,19.582590315864927
14.0,16.059682587407135
10.0,5.838730195175904
22.0,21.614537259270936
22.0,21.903785727524493
22.0,21.781092275143543
22.0,21.467206436158865
21.0,19.57590732493925
20.0,21.24839810018913
10.0,6.975100099888633
-1.0,17.54664782670353
21.0,20.371091618384266
21.0,19.623806600418234
21.0,18.07274228045288
12.0,3.1958077753984395
21.0,19.691822455925692
22.0,21.26858915936929
22.0,21.904427297422444
21.0,17.652323890004077
19.0,21.31849468234303
22.0,21.667350284360076
20.0,21.37377849818976
